date,expiry,symbol,contractSymbol,type,inTheMoney,strike,bid,ask,last,underlying,iv_mkt,rate,div_yield,volume,openInterest,lastTradeDate,quote_age_hours,mid,T
2025-11-28 18:00:00+00:00,2025-11-28 00:00:00+00:00,GTLB,GTLB251128C00030000,call,True,30.0,10.0,12.4,11.0,40.56999969482422,3.6484383789062504,0.03630299948180115,0.0,2.0,8,2025-11-26 18:39:29+00:00,47.341944444444444,11.2,0.0
2025-11-28 18:00:00+00:00,2025-11-28 00:00:00+00:00,GTLB,GTLB251128C00030500,call,True,30.5,9.5,11.0,10.45,40.56999969482422,4.5937542578125,0.03630299948180115,0.0,6.0,0,2025-11-26 18:54:01+00:00,47.09972222222222,10.25,0.0
2025-11-28 18:00:00+00:00,2025-11-28 00:00:00+00:00,GTLB,GTLB251128C00031000,call,True,31.0,9.1,10.5,10.0,40.56999969482422,4.398442001953125,0.03630299948180115,0.0,4.0,55,2025-11-26 18:54:01+00:00,47.09972222222222,9.8,0.0
2025-11-28 18:00:00+00:00,2025-11-28 00:00:00+00:00,GTLB,GTLB251128C00031500,call,True,31.5,8.6,10.0,9.39,40.56999969482422,4.210942236328124,0.03630299948180115,0.0,55.0,55,2025-11-25 20:15:17+00:00,69.74527777777777,9.3,0.0
2025-11-28 18:00:00+00:00,2025-11-28 00:00:00+00:00,GTLB,GTLB251128C00032000,call,True,32.0,8.0,9.5,8.72,40.56999969482422,4.019536225585938,0.03630299948180115,0.0,1.0,0,2025-11-26 16:45:52+00:00,49.23555555555556,8.75,0.0
2025-11-28 18:00:00+00:00,2025-11-28 00:00:00+00:00,GTLB,GTLB251128C00033000,call,True,33.0,7.0,8.5,8.04,40.56999969482422,3.6484383789062504,0.03630299948180115,0.0,1.0,0,2025-11-26 18:05:01+00:00,47.91638888888889,7.75,0.0
2025-11-28 18:00:00+00:00,2025-11-28 00:00:00+00:00,GTLB,GTLB251128C00039000,call,True,39.0,1.75,3.4,2.75,40.56999969482422,1.5468772656249998,0.03630299948180115,0.0,23.0,55,2025-11-24 20:15:26+00:00,93.74277777777777,2.575,0.0
2025-11-28 18:00:00+00:00,2025-11-28 00:00:00+00:00,GTLB,GTLB251128C00039500,call,True,39.5,1.4,2.25,1.5,40.56999969482422,0.97460962890625,0.03630299948180115,0.0,5.0,17,2025-11-28 17:55:31+00:00,0.07472222222222222,1.825,0.0
2025-11-28 18:00:00+00:00,2025-11-28 00:00:00+00:00,GTLB,GTLB251128C00040000,call,True,40.0,0.9,1.45,0.95,40.56999969482422,0.5507857421875001,0.03630299948180115,0.0,4.0,14,2025-11-28 17:34:09+00:00,0.43083333333333335,1.175,0.0
2025-11-28 18:00:00+00:00,2025-11-28 00:00:00+00:00,GTLB,GTLB251128C00040500,call,True,40.5,0.45,1.1,0.7,40.56999969482422,0.51562984375,0.03630299948180115,0.0,11.0,22,2025-11-28 17:43:18+00:00,0.2783333333333333,0.775,0.0
2025-11-28 18:00:00+00:00,2025-11-28 00:00:00+00:00,GTLB,GTLB251128C00041000,call,True,41.0,0.0,0.4,0.15,40.56999969482422,0.43164630859375,0.03630299948180115,0.0,55.0,0,2025-11-28 17:59:26+00:00,0.009444444444444445,0.2,0.0
2025-11-28 18:00:00+00:00,2025-11-28 00:00:00+00:00,GTLB,GTLB251128C00041500,call,False,41.5,0.0,0.25,0.05,40.56999969482422,0.5039112109375,0.03630299948180115,0.0,6.0,88,2025-11-28 17:43:51+00:00,0.26916666666666667,0.125,0.0
2025-11-28 18:00:00+00:00,2025-11-28 00:00:00+00:00,GTLB,GTLB251128C00042000,call,False,42.0,0.0,0.1,0.08,40.56999969482422,0.4726615234375,0.03630299948180115,0.0,81.0,249,2025-11-28 16:24:05+00:00,1.5986111111111112,0.05,0.0
2025-11-28 18:00:00+00:00,2025-11-28 00:00:00+00:00,GTLB,GTLB251128C00042500,call,False,42.5,0.0,0.5,0.15,40.56999969482422,0.87500125,0.03630299948180115,0.0,9.0,0,2025-11-26 19:36:24+00:00,46.39333333333333,0.25,0.0
2025-11-28 18:00:00+00:00,2025-11-28 00:00:00+00:00,GTLB,GTLB251128C00043000,call,False,43.0,0.0,1.0,0.12,40.56999969482422,1.408206083984375,0.03630299948180115,0.0,11.0,0,2025-11-26 18:09:05+00:00,47.84861111111111,0.5,0.0
2025-11-28 18:00:00+00:00,2025-11-28 00:00:00+00:00,GTLB,GTLB251128C00043500,call,False,43.5,0.0,0.15,0.07,40.56999969482422,0.8203142968749999,0.03630299948180115,0.0,4.0,0,2025-11-28 17:14:58+00:00,0.7505555555555555,0.075,0.0
2025-11-28 18:00:00+00:00,2025-11-28 00:00:00+00:00,GTLB,GTLB251128C00044000,call,False,44.0,0.0,0.05,0.05,40.56999969482422,0.7421900781249999,0.03630299948180115,0.0,17.0,475,2025-11-28 17:20:39+00:00,0.6558333333333334,0.025,0.0
2025-11-28 18:00:00+00:00,2025-11-28 00:00:00+00:00,GTLB,GTLB251128C00044500,call,False,44.5,0.0,0.75,0.08,40.56999969482422,1.6933609082031251,0.03630299948180115,0.0,21.0,124,2025-11-28 16:44:23+00:00,1.2602777777777778,0.375,0.0
2025-11-28 18:00:00+00:00,2025-11-28 00:00:00+00:00,GTLB,GTLB251128C00045000,call,False,45.0,0.0,0.15,0.08,40.56999969482422,1.16016044921875,0.03630299948180115,0.0,19.0,207,2025-11-28 17:50:56+00:00,0.1511111111111111,0.075,0.0
2025-11-28 18:00:00+00:00,2025-11-28 00:00:00+00:00,GTLB,GTLB251128C00045500,call,False,45.5,0.0,0.75,0.35,40.56999969482422,1.97265638671875,0.03630299948180115,0.0,1.0,98,2025-11-26 18:05:19+00:00,47.91138888888889,0.375,0.0
2025-11-28 18:00:00+00:00,2025-11-28 00:00:00+00:00,GTLB,GTLB251128C00046000,call,False,46.0,0.0,0.2,0.13,40.56999969482422,1.4609401953124999,0.03630299948180115,0.0,1.0,231,2025-11-28 14:44:07+00:00,3.2647222222222223,0.1,0.0
2025-11-28 18:00:00+00:00,2025-11-28 00:00:00+00:00,GTLB,GTLB251128C00046500,call,False,46.5,0.0,0.25,0.2,40.56999969482422,1.6484392578125,0.03630299948180115,0.0,1.0,68,2025-11-28 16:17:08+00:00,1.7144444444444444,0.125,0.0
2025-11-28 18:00:00+00:00,2025-11-28 00:00:00+00:00,GTLB,GTLB251128C00047000,call,False,47.0,0.0,0.05,0.08,40.56999969482422,1.2812535937499998,0.03630299948180115,0.0,4.0,543,2025-11-28 17:16:18+00:00,0.7283333333333334,0.025,0.0
2025-11-28 18:00:00+00:00,2025-11-28 00:00:00+00:00,GTLB,GTLB251128C00047500,call,False,47.5,0.0,0.75,0.01,40.56999969482422,2.47656630859375,0.03630299948180115,0.0,8.0,0,2025-11-28 16:32:40+00:00,1.4555555555555555,0.375,0.0
2025-11-28 18:00:00+00:00,2025-11-28 00:00:00+00:00,GTLB,GTLB251128C00048000,call,False,48.0,0.0,0.05,0.05,40.56999969482422,1.453127734375,0.03630299948180115,0.0,1.0,309,2025-11-28 16:25:10+00:00,1.5805555555555555,0.025,0.0
2025-11-28 18:00:00+00:00,2025-11-28 00:00:00+00:00,GTLB,GTLB251128C00048500,call,False,48.5,0.0,0.75,0.1,40.56999969482422,2.71094072265625,0.03630299948180115,0.0,1.0,76,2025-11-28 15:00:49+00:00,2.986388888888889,0.375,0.0
2025-11-28 18:00:00+00:00,2025-11-28 00:00:00+00:00,GTLB,GTLB251128C00049000,call,False,49.0,0.0,0.1,0.03,40.56999969482422,1.7968760156249999,0.03630299948180115,0.0,2.0,0,2025-11-28 17:15:18+00:00,0.745,0.05,0.0
2025-11-28 18:00:00+00:00,2025-11-28 00:00:00+00:00,GTLB,GTLB251128C00049500,call,False,49.5,0.0,0.75,0.07,40.56999969482422,2.93750265625,0.03630299948180115,0.0,5.0,61,2025-11-28 15:05:34+00:00,2.9072222222222224,0.375,0.0
2025-11-28 18:00:00+00:00,2025-11-28 00:00:00+00:00,GTLB,GTLB251128C00050000,call,False,50.0,0.0,0.1,0.35,40.56999969482422,1.96875015625,0.03630299948180115,0.0,1.0,1152,2025-11-28 14:54:02+00:00,3.0994444444444444,0.05,0.0
2025-11-28 18:00:00+00:00,2025-11-28 00:00:00+00:00,GTLB,GTLB251128C00051000,call,False,51.0,0.0,0.05,0.05,40.56999969482422,1.9062504687500001,0.03630299948180115,0.0,1.0,54,2025-11-26 16:19:03+00:00,49.6825,0.025,0.0
2025-11-28 18:00:00+00:00,2025-11-28 00:00:00+00:00,GTLB,GTLB251128C00052000,call,False,52.0,0.0,0.5,0.25,40.56999969482422,3.1250021875,0.03630299948180115,0.0,1.0,73,2025-11-20 17:04:26+00:00,192.9261111111111,0.25,0.0
2025-11-28 18:00:00+00:00,2025-11-28 00:00:00+00:00,GTLB,GTLB251128C00053000,call,False,53.0,0.0,0.45,0.05,40.56999969482422,3.2265644335937496,0.03630299948180115,0.0,30.0,107,2025-11-24 18:59:55+00:00,95.00138888888888,0.225,0.0
2025-11-28 18:00:00+00:00,2025-11-28 00:00:00+00:00,GTLB,GTLB251128C00054000,call,False,54.0,0.0,0.3,0.28,40.56999969482422,3.1250021875,0.03630299948180115,0.0,1.0,48,2025-11-18 16:44:04+00:00,241.26555555555555,0.15,0.0
2025-11-28 18:00:00+00:00,2025-11-28 00:00:00+00:00,GTLB,GTLB251128C00055000,call,False,55.0,0.0,0.05,0.03,40.56999969482422,2.468753828125,0.03630299948180115,0.0,1.0,0,2025-11-25 16:46:00+00:00,73.23333333333333,0.025,0.0
2025-11-28 18:00:00+00:00,2025-11-28 00:00:00+00:00,GTLB,GTLB251128C00056000,call,False,56.0,0.0,0.75,0.23,40.56999969482422,4.199223500976563,0.03630299948180115,0.0,30.0,0,2025-11-11 17:01:19+00:00,408.97805555555556,0.375,0.0
2025-11-28 18:00:00+00:00,2025-11-28 00:00:00+00:00,GTLB,GTLB251128C00057000,call,False,57.0,0.0,0.75,0.02,40.56999969482422,4.371098286132812,0.03630299948180115,0.0,1.0,136,2025-11-25 20:07:52+00:00,69.86888888888889,0.375,0.0
2025-11-28 18:00:00+00:00,2025-11-28 00:00:00+00:00,GTLB,GTLB251128C00060000,call,False,60.0,0.0,0.05,0.05,40.56999969482422,3.0937522656249996,0.03630299948180115,0.0,1.0,2,2025-11-28 15:36:42+00:00,2.388333333333333,0.025,0.0
2025-11-28 18:00:00+00:00,2025-11-28 00:00:00+00:00,GTLB,GTLB251128C00065000,call,False,65.0,0.0,0.05,0.05,40.56999969482422,3.6250009375000003,0.03630299948180115,0.0,1.0,1,2025-11-28 15:45:14+00:00,2.246111111111111,0.025,0.0
2025-11-28 18:00:00+00:00,2025-11-28 00:00:00+00:00,GTLB,GTLB251128C00070000,call,False,70.0,0.0,0.05,0.05,40.56999969482422,4.12500484375,0.03630299948180115,0.0,100.0,0,2025-11-05 20:16:08+00:00,549.7311111111111,0.025,0.0
2025-11-28 18:00:00+00:00,2025-11-28 00:00:00+00:00,GTLB,GTLB251128P00025000,put,False,25.0,0.0,0.05,0.05,40.56999969482422,4.12500484375,0.03630299948180115,0.0,1.0,7,2025-11-28 16:02:36+00:00,1.9566666666666668,0.025,0.0
2025-11-28 18:00:00+00:00,2025-11-28 00:00:00+00:00,GTLB,GTLB251128P00030000,put,False,30.0,0.0,0.05,0.05,40.56999969482422,2.7343781640625,0.03630299948180115,0.0,1.0,2,2025-11-28 15:59:16+00:00,2.0122222222222224,0.025,0.0
2025-11-28 18:00:00+00:00,2025-11-28 00:00:00+00:00,GTLB,GTLB251128P00030500,put,False,30.5,0.0,0.1,0.05,40.56999969482422,2.8906277734375,0.03630299948180115,0.0,1.0,0,2025-11-25 17:57:36+00:00,72.04,0.05,0.0
2025-11-28 18:00:00+00:00,2025-11-28 00:00:00+00:00,GTLB,GTLB251128P00033000,put,False,33.0,0.0,0.05,0.05,40.56999969482422,1.984375078125,0.03630299948180115,0.0,1.0,0,2025-11-28 15:45:31+00:00,2.241388888888889,0.025,0.0
2025-11-28 18:00:00+00:00,2025-11-28 00:00:00+00:00,GTLB,GTLB251128P00033500,put,False,33.5,0.0,0.05,0.05,40.56999969482422,1.875000625,0.03630299948180115,0.0,1.0,0,2025-11-28 15:58:38+00:00,2.022777777777778,0.025,0.0
2025-11-28 18:00:00+00:00,2025-11-28 00:00:00+00:00,GTLB,GTLB251128P00035000,put,False,35.0,0.0,0.05,0.05,40.56999969482422,1.5156274218749999,0.03630299948180115,0.0,1.0,4,2025-11-28 15:50:28+00:00,2.158888888888889,0.025,0.0
2025-11-28 18:00:00+00:00,2025-11-28 00:00:00+00:00,GTLB,GTLB251128P00036000,put,False,36.0,0.0,0.05,0.17,40.56999969482422,1.2812535937499998,0.03630299948180115,0.0,5.0,0,2025-11-19 17:01:55+00:00,216.96805555555557,0.025,0.0
2025-11-28 18:00:00+00:00,2025-11-28 00:00:00+00:00,GTLB,GTLB251128P00037000,put,False,37.0,0.0,0.05,0.05,40.56999969482422,1.0625046875000002,0.03630299948180115,0.0,2.0,2,2025-11-28 16:14:20+00:00,1.761111111111111,0.025,0.0
2025-11-28 18:00:00+00:00,2025-11-28 00:00:00+00:00,GTLB,GTLB251128P00037500,put,False,37.5,0.0,0.05,0.15,40.56999969482422,0.937500625,0.03630299948180115,0.0,1.0,32,2025-11-28 16:14:20+00:00,1.761111111111111,0.025,0.0
2025-11-28 18:00:00+00:00,2025-11-28 00:00:00+00:00,GTLB,GTLB251128P00038000,put,False,38.0,0.0,0.05,0.04,40.56999969482422,0.8281267187499999,0.03630299948180115,0.0,2.0,0,2025-11-28 15:52:34+00:00,2.1238888888888887,0.025,0.0
2025-11-28 18:00:00+00:00,2025-11-28 00:00:00+00:00,GTLB,GTLB251128P00038500,put,False,38.5,0.0,0.05,0.15,40.56999969482422,0.710940390625,0.03630299948180115,0.0,113.0,169,2025-11-25 18:33:17+00:00,71.44527777777778,0.025,0.0
2025-11-28 18:00:00+00:00,2025-11-28 00:00:00+00:00,GTLB,GTLB251128P00039000,put,False,39.0,0.0,0.1,0.05,40.56999969482422,0.6875031250000001,0.03630299948180115,0.0,10.0,121,2025-11-28 16:50:55+00:00,1.1513888888888888,0.05,0.0
2025-11-28 18:00:00+00:00,2025-11-28 00:00:00+00:00,GTLB,GTLB251128P00039500,put,False,39.5,0.0,0.25,0.17,40.56999969482422,0.7304714453125,0.03630299948180115,0.0,13.0,47,2025-11-26 17:20:53+00:00,48.651944444444446,0.125,0.0
2025-11-28 18:00:00+00:00,2025-11-28 00:00:00+00:00,GTLB,GTLB251128P00040000,put,False,40.0,0.0,0.15,0.05,40.56999969482422,0.6093789062500001,0.03630299948180115,0.0,40.0,0,2025-11-28 17:11:57+00:00,0.8008333333333333,0.075,0.0
2025-11-28 18:00:00+00:00,2025-11-28 00:00:00+00:00,GTLB,GTLB251128P00040500,put,False,40.5,0.0,0.2,0.05,40.56999969482422,0.49609878906250005,0.03630299948180115,0.0,72.0,0,2025-11-28 16:50:31+00:00,1.1580555555555556,0.1,0.0
2025-11-28 18:00:00+00:00,2025-11-28 00:00:00+00:00,GTLB,GTLB251128P00041000,put,False,41.0,0.0,0.15,0.1,40.56999969482422,0.20899228515624996,0.03630299948180115,0.0,107.0,357,2025-11-28 17:56:02+00:00,0.0661111111111111,0.075,0.0
2025-11-28 18:00:00+00:00,2025-11-28 00:00:00+00:00,GTLB,GTLB251128P00041500,put,True,41.5,0.1,2.6,0.5,40.56999969482422,1.2949254003906248,0.03630299948180115,0.0,2.0,205,2025-11-28 16:39:04+00:00,1.3488888888888888,1.35,0.0
2025-11-28 18:00:00+00:00,2025-11-28 00:00:00+00:00,GTLB,GTLB251128P00042000,put,True,42.0,0.55,1.2,0.8,40.56999969482422,0.7148466015625,0.03630299948180115,0.0,4.0,274,2025-11-28 17:43:51+00:00,0.26916666666666667,0.875,0.0
2025-11-28 18:00:00+00:00,2025-11-28 00:00:00+00:00,GTLB,GTLB251128P00042500,put,True,42.5,0.9,3.3,1.9,40.56999969482422,1.43359658203125,0.03630299948180115,0.0,5.0,0,2025-11-26 20:04:16+00:00,45.92888888888889,2.1,0.0
2025-11-28 18:00:00+00:00,2025-11-28 00:00:00+00:00,GTLB,GTLB251128P00043000,put,True,43.0,1.5,2.1,1.75,40.56999969482422,0.8789074609374999,0.03630299948180115,0.0,4.0,0,2025-11-28 17:46:57+00:00,0.2175,1.8,0.0
2025-11-28 18:00:00+00:00,2025-11-28 00:00:00+00:00,GTLB,GTLB251128P00043500,put,True,43.5,2.0,2.6,2.37,40.56999969482422,1.01953615234375,0.03630299948180115,0.0,3.0,48,2025-11-28 15:57:56+00:00,2.0344444444444445,2.3,0.0
2025-11-28 18:00:00+00:00,2025-11-28 00:00:00+00:00,GTLB,GTLB251128P00044000,put,True,44.0,2.5,3.8,3.15,40.56999969482422,1.25390998046875,0.03630299948180115,0.0,2.0,104,2025-11-28 15:54:04+00:00,2.098888888888889,3.15,0.0
2025-11-28 18:00:00+00:00,2025-11-28 00:00:00+00:00,GTLB,GTLB251128P00044500,put,True,44.5,2.85,4.4,3.85,40.56999969482422,1.3359408203124996,0.03630299948180115,0.0,1.0,29,2025-11-28 14:33:30+00:00,3.441666666666667,3.625,0.0
2025-11-28 18:00:00+00:00,2025-11-28 00:00:00+00:00,GTLB,GTLB251128P00045000,put,True,45.0,3.8,4.1,3.91,40.56999969482422,0.8125018749999999,0.03630299948180115,0.0,4.0,40,2025-11-28 17:57:36+00:00,0.04,3.9499999999999997,0.0
2025-11-28 18:00:00+00:00,2025-11-28 00:00:00+00:00,GTLB,GTLB251128P00045500,put,True,45.5,2.85,6.3,4.67,40.56999969482422,1.453127734375,0.03630299948180115,0.0,2.0,0,2025-11-25 19:13:35+00:00,70.77361111111111,4.575,0.0
2025-11-28 18:00:00+00:00,2025-11-28 00:00:00+00:00,GTLB,GTLB251128P00046000,put,True,46.0,4.4,5.9,5.15,40.56999969482422,1.76171994140625,0.03630299948180115,0.0,22.0,0,2025-11-26 16:59:09+00:00,49.01416666666667,5.15,0.0
2025-11-28 18:00:00+00:00,2025-11-28 00:00:00+00:00,GTLB,GTLB251128P00046500,put,True,46.5,5.0,6.5,2.35,40.56999969482422,2.1015672460937496,0.03630299948180115,0.0,,11,2025-11-11 16:45:39+00:00,409.2391666666667,5.75,0.0
2025-11-28 18:00:00+00:00,2025-11-28 00:00:00+00:00,GTLB,GTLB251128P00047000,put,True,47.0,5.5,7.0,6.05,40.56999969482422,2.2226606933593747,0.03630299948180115,0.0,1.0,0,2025-11-21 15:24:14+00:00,170.5961111111111,6.25,0.0
2025-11-28 18:00:00+00:00,2025-11-28 00:00:00+00:00,GTLB,GTLB251128P00047500,put,True,47.5,6.1,7.6,6.85,40.56999969482422,2.5468786328124997,0.03630299948180115,0.0,1.0,36,2025-11-28 17:15:49+00:00,0.7363888888888889,6.85,0.0
2025-11-28 18:00:00+00:00,2025-11-28 00:00:00+00:00,GTLB,GTLB251128P00048000,put,True,48.0,6.5,8.0,7.25,40.56999969482422,2.4570351074218753,0.03630299948180115,0.0,1.0,5,2025-11-28 17:15:49+00:00,0.7363888888888889,7.25,0.0
2025-11-28 18:00:00+00:00,2025-11-28 00:00:00+00:00,GTLB,GTLB251128P00049000,put,True,49.0,7.5,9.0,8.15,40.56999969482422,2.67969080078125,0.03630299948180115,0.0,5.0,2,2025-11-26 18:07:03+00:00,47.8825,8.25,0.0
2025-11-28 18:00:00+00:00,2025-11-28 00:00:00+00:00,GTLB,GTLB251128P00050000,put,True,50.0,8.5,10.0,9.28,40.56999969482422,2.8906277734375,0.03630299948180115,0.0,1.0,0,2025-11-25 16:15:57+00:00,73.73416666666667,9.25,0.0
2025-11-28 18:00:00+00:00,2025-11-28 00:00:00+00:00,GTLB,GTLB251128P00051000,put,True,51.0,9.5,11.0,10.17,40.56999969482422,3.0937522656249996,0.03630299948180115,0.0,1.0,1,2025-11-25 16:15:57+00:00,73.73416666666667,10.25,0.0
2025-11-28 18:00:00+00:00,2025-12-05 00:00:00+00:00,GTLB,GTLB251205C00038000,call,True,38.0,3.4,5.0,4.35,40.56999969482422,1.0127002490234376,0.03630299948180115,0.0,2.0,0,2025-11-26 16:38:49+00:00,49.35305555555556,4.2,0.01643835616438356
2025-11-28 18:00:00+00:00,2025-12-05 00:00:00+00:00,GTLB,GTLB251205C00039000,call,True,39.0,3.2,4.4,3.76,40.56999969482422,1.119145029296875,0.03630299948180115,0.0,2.0,0,2025-11-26 16:39:37+00:00,49.33972222222222,3.8000000000000003,0.01643835616438356
2025-11-28 18:00:00+00:00,2025-12-05 00:00:00+00:00,GTLB,GTLB251205C00040000,call,True,40.0,3.2,3.6,3.42,40.56999969482422,1.1875040625,0.03630299948180115,0.0,4.0,24,2025-11-28 17:50:01+00:00,0.1663888888888889,3.4000000000000004,0.01643835616438356
2025-11-28 18:00:00+00:00,2025-12-05 00:00:00+00:00,GTLB,GTLB251205C00041000,call,True,41.0,2.7,3.1,2.75,40.56999969482422,1.185550947265625,0.03630299948180115,0.0,21.0,0,2025-11-28 17:33:14+00:00,0.4461111111111111,2.9000000000000004,0.01643835616438356
2025-11-28 18:00:00+00:00,2025-12-05 00:00:00+00:00,GTLB,GTLB251205C00041500,call,False,41.5,2.45,2.8,2.55,40.56999969482422,1.1660197949218751,0.03630299948180115,0.0,8.0,22,2025-11-28 17:49:34+00:00,0.1738888888888889,2.625,0.01643835616438356
2025-11-28 18:00:00+00:00,2025-12-05 00:00:00+00:00,GTLB,GTLB251205C00042000,call,False,42.0,2.25,2.6,2.51,40.56999969482422,1.171879140625,0.03630299948180115,0.0,74.0,0,2025-11-28 16:52:59+00:00,1.1169444444444445,2.425,0.01643835616438356
2025-11-28 18:00:00+00:00,2025-12-05 00:00:00+00:00,GTLB,GTLB251205C00042500,call,False,42.5,2.2,2.6,2.15,40.56999969482422,1.2441444042968748,0.03630299948180115,0.0,27.0,0,2025-11-28 17:58:51+00:00,0.019166666666666665,2.4000000000000004,0.01643835616438356
2025-11-28 18:00:00+00:00,2025-12-05 00:00:00+00:00,GTLB,GTLB251205C00043000,call,False,43.0,1.9,2.15,2.1,40.56999969482422,1.1669963525390625,0.03630299948180115,0.0,98.0,397,2025-11-28 16:57:57+00:00,1.0341666666666667,2.025,0.01643835616438356
2025-11-28 18:00:00+00:00,2025-12-05 00:00:00+00:00,GTLB,GTLB251205C00043500,call,False,43.5,1.7,2.0,1.8,40.56999969482422,1.1665080737304687,0.03630299948180115,0.0,5.0,101,2025-11-28 16:16:44+00:00,1.721111111111111,1.85,0.01643835616438356
2025-11-28 18:00:00+00:00,2025-12-05 00:00:00+00:00,GTLB,GTLB251205C00044000,call,False,44.0,1.55,1.9,1.65,40.56999969482422,1.1826212744140623,0.03630299948180115,0.0,12.0,0,2025-11-28 17:32:37+00:00,0.4563888888888889,1.725,0.01643835616438356
2025-11-28 18:00:00+00:00,2025-12-05 00:00:00+00:00,GTLB,GTLB251205C00044500,call,False,44.5,1.4,1.6,1.6,40.56999969482422,1.150394873046875,0.03630299948180115,0.0,5.0,16,2025-11-28 17:45:18+00:00,0.245,1.5,0.01643835616438356
2025-11-28 18:00:00+00:00,2025-12-05 00:00:00+00:00,GTLB,GTLB251205C00045000,call,False,45.0,1.25,1.45,1.35,40.56999969482422,1.1455120849609375,0.03630299948180115,0.0,88.0,0,2025-11-28 17:57:09+00:00,0.0475,1.35,0.01643835616438356
2025-11-28 18:00:00+00:00,2025-12-05 00:00:00+00:00,GTLB,GTLB251205C00045500,call,False,45.5,1.15,1.4,1.2,40.56999969482422,1.169926025390625,0.03630299948180115,0.0,3.0,0,2025-11-28 17:20:55+00:00,0.6513888888888889,1.275,0.01643835616438356
2025-11-28 18:00:00+00:00,2025-12-05 00:00:00+00:00,GTLB,GTLB251205C00046000,call,False,46.0,1.05,1.5,1.24,40.56999969482422,1.2275429248046876,0.03630299948180115,0.0,18.0,111,2025-11-28 16:19:48+00:00,1.67,1.275,0.01643835616438356
2025-11-28 18:00:00+00:00,2025-12-05 00:00:00+00:00,GTLB,GTLB251205C00046500,call,False,46.5,0.05,1.15,1.0,40.56999969482422,0.930664755859375,0.03630299948180115,0.0,3.0,18,2025-11-28 17:17:30+00:00,0.7083333333333334,0.6,0.01643835616438356
2025-11-28 18:00:00+00:00,2025-12-05 00:00:00+00:00,GTLB,GTLB251205C00047000,call,False,47.0,0.85,1.15,0.9,40.56999969482422,1.1982461962890625,0.03630299948180115,0.0,21.0,101,2025-11-28 17:56:51+00:00,0.0525,1.0,0.01643835616438356
2025-11-28 18:00:00+00:00,2025-12-05 00:00:00+00:00,GTLB,GTLB251205C00047500,call,False,47.5,0.75,0.95,0.86,40.56999969482422,1.1679729101562502,0.03630299948180115,0.0,22.0,0,2025-11-28 17:22:41+00:00,0.6219444444444444,0.85,0.01643835616438356
2025-11-28 18:00:00+00:00,2025-12-05 00:00:00+00:00,GTLB,GTLB251205C00048000,call,False,48.0,0.5,0.85,0.74,40.56999969482422,1.115238798828125,0.03630299948180115,0.0,69.0,0,2025-11-28 17:50:25+00:00,0.1597222222222222,0.675,0.01643835616438356
2025-11-28 18:00:00+00:00,2025-12-05 00:00:00+00:00,GTLB,GTLB251205C00048500,call,False,48.5,0.55,0.75,0.75,40.56999969482422,1.1445355273437499,0.03630299948180115,0.0,3.0,44,2025-11-28 16:02:52+00:00,1.9522222222222223,0.65,0.01643835616438356
2025-11-28 18:00:00+00:00,2025-12-05 00:00:00+00:00,GTLB,GTLB251205C00049000,call,False,49.0,0.55,0.75,0.66,40.56999969482422,1.1884806201171876,0.03630299948180115,0.0,19.0,0,2025-11-28 17:15:18+00:00,0.745,0.65,0.01643835616438356
2025-11-28 18:00:00+00:00,2025-12-05 00:00:00+00:00,GTLB,GTLB251205C00049500,call,False,49.5,0.45,0.6,0.67,40.56999969482422,1.1484417578125,0.03630299948180115,0.0,3.0,0,2025-11-28 16:59:18+00:00,1.0116666666666667,0.525,0.01643835616438356
2025-11-28 18:00:00+00:00,2025-12-05 00:00:00+00:00,GTLB,GTLB251205C00050000,call,False,50.0,0.45,0.6,0.54,40.56999969482422,1.1884806201171876,0.03630299948180115,0.0,12.0,240,2025-11-28 17:59:03+00:00,0.015833333333333335,0.525,0.01643835616438356
2025-11-28 18:00:00+00:00,2025-12-05 00:00:00+00:00,GTLB,GTLB251205C00051000,call,False,51.0,0.35,0.45,0.47,40.56999969482422,1.171879140625,0.03630299948180115,0.0,8.0,130,2025-11-28 16:40:15+00:00,1.3291666666666666,0.4,0.01643835616438356
2025-11-28 18:00:00+00:00,2025-12-05 00:00:00+00:00,GTLB,GTLB251205C00052000,call,False,52.0,0.25,0.4,0.35,40.56999969482422,1.1777384863281248,0.03630299948180115,0.0,13.0,39,2025-11-28 17:48:21+00:00,0.19416666666666665,0.325,0.01643835616438356
2025-11-28 18:00:00+00:00,2025-12-05 00:00:00+00:00,GTLB,GTLB251205C00053000,call,False,53.0,0.0,0.45,0.21,40.56999969482422,1.140629296875,0.03630299948180115,0.0,1.0,2,2025-11-28 17:50:01+00:00,0.1663888888888889,0.225,0.01643835616438356
2025-11-28 18:00:00+00:00,2025-12-05 00:00:00+00:00,GTLB,GTLB251205C00054000,call,False,54.0,0.0,0.75,0.4,40.56999969482422,1.3574250878906249,0.03630299948180115,0.0,11.0,0,2025-11-24 18:42:47+00:00,95.28694444444444,0.375,0.01643835616438356
2025-11-28 18:00:00+00:00,2025-12-05 00:00:00+00:00,GTLB,GTLB251205C00055000,call,False,55.0,0.05,0.25,0.01,40.56999969482422,1.1640666796875,0.03630299948180115,0.0,19.0,15,2025-11-28 16:02:43+00:00,1.9547222222222222,0.15,0.01643835616438356
2025-11-28 18:00:00+00:00,2025-12-05 00:00:00+00:00,GTLB,GTLB251205C00056000,call,False,56.0,0.05,0.2,0.1,40.56999969482422,1.1757853710937498,0.03630299948180115,0.0,25.0,67,2025-11-28 17:50:20+00:00,0.16111111111111112,0.125,0.01643835616438356
2025-11-28 18:00:00+00:00,2025-12-05 00:00:00+00:00,GTLB,GTLB251205C00057000,call,False,57.0,0.0,0.75,0.14,40.56999969482422,1.5449241503906248,0.03630299948180115,0.0,3.0,0,2025-11-26 18:48:24+00:00,47.193333333333335,0.375,0.01643835616438356
2025-11-28 18:00:00+00:00,2025-12-05 00:00:00+00:00,GTLB,GTLB251205C00060000,call,False,60.0,0.0,0.25,0.05,40.56999969482422,1.3789093554687497,0.03630299948180115,0.0,3.0,0,2025-11-28 17:17:54+00:00,0.7016666666666667,0.125,0.01643835616438356
2025-11-28 18:00:00+00:00,2025-12-05 00:00:00+00:00,GTLB,GTLB251205C00065000,call,False,65.0,0.0,1.25,0.05,40.56999969482422,2.2246138134765623,0.03630299948180115,0.0,1.0,1,2025-11-25 14:30:12+00:00,75.49666666666667,0.625,0.01643835616438356
2025-11-28 18:00:00+00:00,2025-12-05 00:00:00+00:00,GTLB,GTLB251205C00070000,call,False,70.0,0.0,1.8,0.07,40.56999969482422,2.7050813623046874,0.03630299948180115,0.0,,0,2025-11-19 19:39:36+00:00,214.34,0.9,0.01643835616438356
2025-11-28 18:00:00+00:00,2025-12-05 00:00:00+00:00,GTLB,GTLB251205P00025000,put,False,25.0,0.0,0.05,0.02,40.56999969482422,1.453127734375,0.03630299948180115,0.0,2.0,8,2025-11-28 16:29:50+00:00,1.5027777777777778,0.025,0.01643835616438356
2025-11-28 18:00:00+00:00,2025-12-05 00:00:00+00:00,GTLB,GTLB251205P00030000,put,False,30.0,0.0,0.15,0.12,40.56999969482422,1.1484417578125,0.03630299948180115,0.0,23.0,0,2025-11-28 17:48:14+00:00,0.19611111111111112,0.075,0.01643835616438356
2025-11-28 18:00:00+00:00,2025-12-05 00:00:00+00:00,GTLB,GTLB251205P00030500,put,False,30.5,0.0,0.2,0.17,40.56999969482422,1.15625421875,0.03630299948180115,0.0,2.0,2,2025-11-28 17:48:14+00:00,0.19611111111111112,0.1,0.01643835616438356
2025-11-28 18:00:00+00:00,2025-12-05 00:00:00+00:00,GTLB,GTLB251205P00032000,put,False,32.0,0.0,0.3,0.12,40.56999969482422,1.08203583984375,0.03630299948180115,0.0,1.0,4,2025-11-28 17:48:37+00:00,0.1897222222222222,0.15,0.01643835616438356
2025-11-28 18:00:00+00:00,2025-12-05 00:00:00+00:00,GTLB,GTLB251205P00033000,put,False,33.0,0.0,0.35,0.25,40.56999969482422,1.0078174609375,0.03630299948180115,0.0,4.0,84,2025-11-28 17:43:56+00:00,0.2677777777777778,0.175,0.01643835616438356
2025-11-28 18:00:00+00:00,2025-12-05 00:00:00+00:00,GTLB,GTLB251205P00033500,put,False,33.5,0.1,0.45,0.46,40.56999969482422,1.0683640332031252,0.03630299948180115,0.0,15.0,14,2025-11-26 18:45:11+00:00,47.246944444444445,0.275,0.01643835616438356
2025-11-28 18:00:00+00:00,2025-12-05 00:00:00+00:00,GTLB,GTLB251205P00034000,put,False,34.0,0.3,0.5,0.4,40.56999969482422,1.125004375,0.03630299948180115,0.0,67.0,0,2025-11-28 17:53:10+00:00,0.11388888888888889,0.4,0.01643835616438356
2025-11-28 18:00:00+00:00,2025-12-05 00:00:00+00:00,GTLB,GTLB251205P00035000,put,False,35.0,0.5,0.7,0.55,40.56999969482422,1.1484417578125,0.03630299948180115,0.0,108.0,0,2025-11-28 17:52:45+00:00,0.12083333333333333,0.6,0.01643835616438356
2025-11-28 18:00:00+00:00,2025-12-05 00:00:00+00:00,GTLB,GTLB251205P00035500,put,False,35.5,0.45,0.7,0.7,40.56999969482422,1.0625046875000002,0.03630299948180115,0.0,2.0,20,2025-11-28 16:59:18+00:00,1.0116666666666667,0.575,0.01643835616438356
2025-11-28 18:00:00+00:00,2025-12-05 00:00:00+00:00,GTLB,GTLB251205P00036000,put,False,36.0,0.5,0.85,0.9,40.56999969482422,1.05859845703125,0.03630299948180115,0.0,11.0,161,2025-11-28 15:32:30+00:00,2.4583333333333335,0.675,0.01643835616438356
2025-11-28 18:00:00+00:00,2025-12-05 00:00:00+00:00,GTLB,GTLB251205P00036500,put,False,36.5,0.85,1.0,0.9,40.56999969482422,1.1337933935546878,0.03630299948180115,0.0,10.0,30,2025-11-28 17:51:21+00:00,0.14416666666666667,0.925,0.01643835616438356
2025-11-28 18:00:00+00:00,2025-12-05 00:00:00+00:00,GTLB,GTLB251205P00037000,put,False,37.0,0.95,1.25,1.2,40.56999969482422,1.15234798828125,0.03630299948180115,0.0,1.0,82,2025-11-28 14:47:20+00:00,3.2111111111111112,1.1,0.01643835616438356
2025-11-28 18:00:00+00:00,2025-12-05 00:00:00+00:00,GTLB,GTLB251205P00037500,put,False,37.5,0.8,1.3,1.4,40.56999969482422,1.0468797656250002,0.03630299948180115,0.0,22.0,32,2025-11-26 20:52:33+00:00,45.12416666666667,1.05,0.01643835616438356
2025-11-28 18:00:00+00:00,2025-12-05 00:00:00+00:00,GTLB,GTLB251205P00038000,put,False,38.0,1.25,1.45,1.35,40.56999969482422,1.115238798828125,0.03630299948180115,0.0,24.0,0,2025-11-28 17:29:38+00:00,0.5061111111111111,1.35,0.01643835616438356
2025-11-28 18:00:00+00:00,2025-12-05 00:00:00+00:00,GTLB,GTLB251205P00038500,put,False,38.5,1.45,1.75,1.84,40.56999969482422,1.1460003637695313,0.03630299948180115,0.0,34.0,43,2025-11-26 20:38:15+00:00,45.3625,1.6,0.01643835616438356
2025-11-28 18:00:00+00:00,2025-12-05 00:00:00+00:00,GTLB,GTLB251205P00039000,put,False,39.0,1.7,2.0,1.75,40.56999969482422,1.168461188964844,0.03630299948180115,0.0,19.0,0,2025-11-28 17:57:46+00:00,0.03722222222222222,1.85,0.01643835616438356
2025-11-28 18:00:00+00:00,2025-12-05 00:00:00+00:00,GTLB,GTLB251205P00039500,put,False,39.5,1.85,2.1,2.0,40.56999969482422,1.12891060546875,0.03630299948180115,0.0,8.0,13,2025-11-28 17:09:08+00:00,0.8477777777777777,1.975,0.01643835616438356
2025-11-28 18:00:00+00:00,2025-12-05 00:00:00+00:00,GTLB,GTLB251205P00040000,put,False,40.0,2.1,2.3,2.15,40.56999969482422,1.1279340478515625,0.03630299948180115,0.0,157.0,347,2025-11-28 17:48:45+00:00,0.1875,2.2,0.01643835616438356
2025-11-28 18:00:00+00:00,2025-12-05 00:00:00+00:00,GTLB,GTLB251205P00040500,put,False,40.5,2.3,2.5,2.4,40.56999969482422,1.1103560107421875,0.03630299948180115,0.0,2.0,12,2025-11-28 16:48:44+00:00,1.1877777777777778,2.4,0.01643835616438356
2025-11-28 18:00:00+00:00,2025-12-05 00:00:00+00:00,GTLB,GTLB251205P00041000,put,False,41.0,2.55,2.85,2.71,40.56999969482422,1.1279340478515625,0.03630299948180115,0.0,24.0,29,2025-11-28 16:50:49+00:00,1.1530555555555555,2.7,0.01643835616438356
2025-11-28 18:00:00+00:00,2025-12-05 00:00:00+00:00,GTLB,GTLB251205P00041500,put,True,41.5,2.8,3.1,3.0,40.56999969482422,1.1186567504882814,0.03630299948180115,0.0,11.0,42,2025-11-28 17:02:03+00:00,0.9658333333333333,2.95,0.01643835616438356
2025-11-28 18:00:00+00:00,2025-12-05 00:00:00+00:00,GTLB,GTLB251205P00042000,put,True,42.0,3.0,3.4,3.25,40.56999969482422,1.1035201074218752,0.03630299948180115,0.0,3.0,32,2025-11-28 16:49:57+00:00,1.1675,3.2,0.01643835616438356
2025-11-28 18:00:00+00:00,2025-12-05 00:00:00+00:00,GTLB,GTLB251205P00042500,put,True,42.5,3.3,3.7,3.55,40.56999969482422,1.1035201074218752,0.03630299948180115,0.0,1.0,347,2025-11-28 15:23:26+00:00,2.6094444444444442,3.5,0.01643835616438356
2025-11-28 18:00:00+00:00,2025-12-05 00:00:00+00:00,GTLB,GTLB251205P00043000,put,True,43.0,3.6,4.0,4.29,40.56999969482422,1.0976607617187502,0.03630299948180115,0.0,4.0,40,2025-11-26 17:53:34+00:00,48.10722222222222,3.8,0.01643835616438356
2025-11-28 18:00:00+00:00,2025-12-05 00:00:00+00:00,GTLB,GTLB251205P00043500,put,True,43.5,4.0,4.4,4.4,40.56999969482422,1.1279340478515625,0.03630299948180115,0.0,4.0,13,2025-11-26 15:28:11+00:00,50.530277777777776,4.2,0.01643835616438356
2025-11-28 18:00:00+00:00,2025-12-05 00:00:00+00:00,GTLB,GTLB251205P00044000,put,True,44.0,4.3,4.7,4.5,40.56999969482422,1.111332568359375,0.03630299948180115,0.0,13.0,0,2025-11-28 17:23:17+00:00,0.6119444444444444,4.5,0.01643835616438356
2025-11-28 18:00:00+00:00,2025-12-05 00:00:00+00:00,GTLB,GTLB251205P00044500,put,True,44.5,4.5,5.1,5.2,40.56999969482422,1.087895185546875,0.03630299948180115,0.0,1.0,4,2025-11-28 14:33:30+00:00,3.441666666666667,4.8,0.01643835616438356
2025-11-28 18:00:00+00:00,2025-12-05 00:00:00+00:00,GTLB,GTLB251205P00045000,put,True,45.0,5.0,5.5,5.2,40.56999969482422,1.126957490234375,0.03630299948180115,0.0,5.0,31,2025-11-28 17:37:50+00:00,0.36944444444444446,5.25,0.01643835616438356
2025-11-28 18:00:00+00:00,2025-12-05 00:00:00+00:00,GTLB,GTLB251205P00045500,put,True,45.5,5.3,6.7,6.3,40.56999969482422,1.3012730249023434,0.03630299948180115,0.0,1.0,2,2025-11-26 15:23:45+00:00,50.604166666666664,6.0,0.01643835616438356
2025-11-28 18:00:00+00:00,2025-12-05 00:00:00+00:00,GTLB,GTLB251205P00046000,put,True,46.0,5.7,7.1,6.8,40.56999969482422,1.3144565527343748,0.03630299948180115,0.0,3.0,13,2025-11-26 15:43:24+00:00,50.276666666666664,6.4,0.01643835616438356
2025-11-28 18:00:00+00:00,2025-12-05 00:00:00+00:00,GTLB,GTLB251205P00047000,put,True,47.0,5.8,8.2,7.0,40.56999969482422,1.2294960400390624,0.03630299948180115,0.0,2.0,2,2025-11-26 18:02:00+00:00,47.96666666666667,7.0,0.01643835616438356
2025-11-28 18:00:00+00:00,2025-12-05 00:00:00+00:00,GTLB,GTLB251205P00048000,put,True,48.0,7.2,8.8,7.6,40.56999969482422,1.3300814746093748,0.03630299948180115,0.0,4.0,10,2025-11-26 14:43:46+00:00,51.27055555555555,8.0,0.01643835616438356
2025-11-28 18:00:00+00:00,2025-12-05 00:00:00+00:00,GTLB,GTLB251205P00048500,put,True,48.5,7.0,9.4,7.36,40.56999969482422,1.2109414453124998,0.03630299948180115,0.0,20.0,20,2025-11-21 14:40:49+00:00,171.31972222222223,8.2,0.01643835616438356
2025-11-28 18:00:00+00:00,2025-12-05 00:00:00+00:00,GTLB,GTLB251205P00049000,put,True,49.0,8.1,9.7,8.3,40.56999969482422,1.3701203369140624,0.03630299948180115,0.0,3.0,4,2025-11-24 18:42:11+00:00,95.29694444444445,8.899999999999999,0.01643835616438356
2025-11-28 18:00:00+00:00,2025-12-05 00:00:00+00:00,GTLB,GTLB251205P00050000,put,True,50.0,8.9,10.5,9.0,40.56999969482422,1.3418001660156247,0.03630299948180115,0.0,5.0,6,2025-11-24 16:30:42+00:00,97.48833333333333,9.7,0.01643835616438356
2025-11-28 18:00:00+00:00,2025-12-05 00:00:00+00:00,GTLB,GTLB251205P00055000,put,True,55.0,13.3,15.3,11.75,40.56999969482422,1.408206083984375,0.03630299948180115,0.0,,15,2025-11-20 15:19:23+00:00,194.67694444444444,14.3,0.01643835616438356
2025-11-28 18:00:00+00:00,2025-12-12 00:00:00+00:00,GTLB,GTLB251212C00025000,call,True,25.0,14.6,17.0,18.8,40.56999969482422,2.1992232519531245,0.03630299948180115,0.0,4.0,0,2025-11-17 15:29:20+00:00,266.5111111111111,15.8,0.03561643835616438
2025-11-28 18:00:00+00:00,2025-12-12 00:00:00+00:00,GTLB,GTLB251212C00035000,call,True,35.0,5.7,8.1,9.5,40.56999969482422,0.954102021484375,0.03630299948180115,0.0,4.0,14,2025-11-17 15:29:20+00:00,266.5111111111111,6.9,0.03561643835616438
2025-11-28 18:00:00+00:00,2025-12-12 00:00:00+00:00,GTLB,GTLB251212C00040000,call,True,40.0,3.5,4.0,3.7,40.56999969482422,0.975586181640625,0.03630299948180115,0.0,11.0,0,2025-11-26 19:23:37+00:00,46.60638888888889,3.75,0.03561643835616438
2025-11-28 18:00:00+00:00,2025-12-12 00:00:00+00:00,GTLB,GTLB251212C00040500,call,True,40.5,3.3,3.8,3.3,40.56999969482422,0.9907227490234375,0.03630299948180115,0.0,31.0,7,2025-11-28 14:48:15+00:00,3.1958333333333333,3.55,0.03561643835616438
2025-11-28 18:00:00+00:00,2025-12-12 00:00:00+00:00,GTLB,GTLB251212C00041000,call,True,41.0,2.85,3.5,3.25,40.56999969482422,0.9492192578124999,0.03630299948180115,0.0,1.0,16,2025-11-28 16:04:40+00:00,1.9222222222222223,3.175,0.03561643835616438
2025-11-28 18:00:00+00:00,2025-12-12 00:00:00+00:00,GTLB,GTLB251212C00042000,call,False,42.0,2.6,3.0,2.84,40.56999969482422,0.9687503125,0.03630299948180115,0.0,81.0,83,2025-11-28 16:39:24+00:00,1.3433333333333333,2.8,0.03561643835616438
2025-11-28 18:00:00+00:00,2025-12-12 00:00:00+00:00,GTLB,GTLB251212C00043000,call,False,43.0,2.2,2.5,2.5,40.56999969482422,0.9511723632812499,0.03630299948180115,0.0,13.0,0,2025-11-28 16:36:43+00:00,1.3880555555555556,2.35,0.03561643835616438
2025-11-28 18:00:00+00:00,2025-12-12 00:00:00+00:00,GTLB,GTLB251212C00043500,call,False,43.5,2.05,2.25,2.65,40.56999969482422,0.9443364941406249,0.03630299948180115,0.0,,0,2025-11-24 20:24:37+00:00,93.58972222222222,2.15,0.03561643835616438
2025-11-28 18:00:00+00:00,2025-12-12 00:00:00+00:00,GTLB,GTLB251212C00044000,call,False,44.0,1.65,2.2,1.6,40.56999969482422,0.9267585449218749,0.03630299948180115,0.0,3.0,16,2025-11-28 16:39:09+00:00,1.3475,1.925,0.03561643835616438
2025-11-28 18:00:00+00:00,2025-12-12 00:00:00+00:00,GTLB,GTLB251212C00045000,call,False,45.0,1.6,1.8,1.67,40.56999969482422,0.9511723632812499,0.03630299948180115,0.0,3.0,280,2025-11-28 17:34:04+00:00,0.43222222222222223,1.7000000000000002,0.03561643835616438
2025-11-28 18:00:00+00:00,2025-12-12 00:00:00+00:00,GTLB,GTLB251212C00046000,call,False,46.0,1.3,1.55,1.4,40.56999969482422,0.9477544287109375,0.03630299948180115,0.0,1.0,48,2025-11-28 15:19:25+00:00,2.676388888888889,1.425,0.03561643835616438
2025-11-28 18:00:00+00:00,2025-12-12 00:00:00+00:00,GTLB,GTLB251212C00047000,call,False,47.0,1.0,1.45,1.27,40.56999969482422,0.9580082324218748,0.03630299948180115,0.0,1.0,0,2025-11-25 20:09:39+00:00,69.83916666666667,1.225,0.03561643835616438
2025-11-28 18:00:00+00:00,2025-12-12 00:00:00+00:00,GTLB,GTLB251212C00048000,call,False,48.0,0.65,1.25,0.93,40.56999969482422,0.9282233740234375,0.03630299948180115,0.0,1.0,0,2025-11-28 17:14:58+00:00,0.7505555555555555,0.95,0.03561643835616438
2025-11-28 18:00:00+00:00,2025-12-12 00:00:00+00:00,GTLB,GTLB251212C00049000,call,False,49.0,0.75,0.95,1.0,40.56999969482422,0.95507857421875,0.03630299948180115,0.0,1.0,17,2025-11-25 17:51:59+00:00,72.13361111111111,0.85,0.03561643835616438
2025-11-28 18:00:00+00:00,2025-12-12 00:00:00+00:00,GTLB,GTLB251212C00050000,call,False,50.0,0.45,0.75,0.73,40.56999969482422,0.905274384765625,0.03630299948180115,0.0,8.0,0,2025-11-28 17:09:44+00:00,0.8377777777777777,0.6,0.03561643835616438
2025-11-28 18:00:00+00:00,2025-12-12 00:00:00+00:00,GTLB,GTLB251212C00051000,call,False,51.0,0.25,0.85,0.8,40.56999969482422,0.938477177734375,0.03630299948180115,0.0,6.0,18,2025-11-24 18:29:08+00:00,95.51444444444445,0.55,0.03561643835616438
2025-11-28 18:00:00+00:00,2025-12-12 00:00:00+00:00,GTLB,GTLB251212C00052000,call,False,52.0,0.2,0.9,1.05,40.56999969482422,0.993164130859375,0.03630299948180115,0.0,5.0,8,2025-11-20 20:15:38+00:00,189.73944444444444,0.55,0.03561643835616438
2025-11-28 18:00:00+00:00,2025-12-12 00:00:00+00:00,GTLB,GTLB251212C00053000,call,False,53.0,0.0,0.85,0.61,40.56999969482422,0.97460962890625,0.03630299948180115,0.0,2.0,3,2025-11-25 20:29:45+00:00,69.50416666666666,0.425,0.03561643835616438
2025-11-28 18:00:00+00:00,2025-12-12 00:00:00+00:00,GTLB,GTLB251212C00054000,call,False,54.0,0.05,0.8,0.32,40.56999969482422,1.0234423828125,0.03630299948180115,0.0,208.0,846,2025-11-26 19:47:33+00:00,46.2075,0.42500000000000004,0.03561643835616438
2025-11-28 18:00:00+00:00,2025-12-12 00:00:00+00:00,GTLB,GTLB251212C00055000,call,False,55.0,0.0,0.75,1.35,40.56999969482422,1.0390673046875003,0.03630299948180115,0.0,1.0,0,2025-11-14 15:34:12+00:00,338.43,0.375,0.03561643835616438
2025-11-28 18:00:00+00:00,2025-12-12 00:00:00+00:00,GTLB,GTLB251212C00056000,call,False,56.0,0.0,0.75,1.25,40.56999969482422,1.083988955078125,0.03630299948180115,0.0,,1,2025-11-12 14:30:25+00:00,387.49305555555554,0.375,0.03561643835616438
2025-11-28 18:00:00+00:00,2025-12-12 00:00:00+00:00,GTLB,GTLB251212C00057000,call,False,57.0,0.05,0.3,0.17,40.56999969482422,0.9570316796874999,0.03630299948180115,0.0,41.0,45,2025-11-26 18:27:09+00:00,47.5475,0.175,0.03561643835616438
2025-11-28 18:00:00+00:00,2025-12-12 00:00:00+00:00,GTLB,GTLB251212C00060000,call,False,60.0,0.0,0.5,0.8,40.56999969482422,1.1484417578125,0.03630299948180115,0.0,1.0,0,2025-11-05 17:42:48+00:00,552.2866666666666,0.25,0.03561643835616438
2025-11-28 18:00:00+00:00,2025-12-12 00:00:00+00:00,GTLB,GTLB251212P00030000,put,False,30.0,0.0,0.35,0.38,40.56999969482422,0.9863282617187501,0.03630299948180115,0.0,1.0,0,2025-11-25 20:02:43+00:00,69.95472222222222,0.175,0.03561643835616438
2025-11-28 18:00:00+00:00,2025-12-12 00:00:00+00:00,GTLB,GTLB251212P00032000,put,False,32.0,0.0,0.65,0.4,40.56999969482422,0.9531254687499999,0.03630299948180115,0.0,1.0,3,2025-11-28 15:54:42+00:00,2.0883333333333334,0.325,0.03561643835616438
2025-11-28 18:00:00+00:00,2025-12-12 00:00:00+00:00,GTLB,GTLB251212P00033000,put,False,33.0,0.25,0.6,0.54,40.56999969482422,0.93164130859375,0.03630299948180115,0.0,1.0,0,2025-11-28 16:09:27+00:00,1.8425,0.425,0.03561643835616438
2025-11-28 18:00:00+00:00,2025-12-12 00:00:00+00:00,GTLB,GTLB251212P00035000,put,False,35.0,0.75,1.05,0.85,40.56999969482422,0.981445498046875,0.03630299948180115,0.0,5.0,86,2025-11-28 16:47:18+00:00,1.2116666666666667,0.9,0.03561643835616438
2025-11-28 18:00:00+00:00,2025-12-12 00:00:00+00:00,GTLB,GTLB251212P00036000,put,False,36.0,0.9,1.15,1.35,40.56999969482422,0.9248054394531251,0.03630299948180115,0.0,22.0,30,2025-11-26 17:21:06+00:00,48.64833333333333,1.025,0.03561643835616438
2025-11-28 18:00:00+00:00,2025-12-12 00:00:00+00:00,GTLB,GTLB251212P00037000,put,False,37.0,1.25,1.5,1.4,40.56999969482422,0.9443364941406249,0.03630299948180115,0.0,1.0,0,2025-11-28 16:38:45+00:00,1.3541666666666667,1.375,0.03561643835616438
2025-11-28 18:00:00+00:00,2025-12-12 00:00:00+00:00,GTLB,GTLB251212P00038000,put,False,38.0,1.55,2.05,1.87,40.56999969482422,0.9692385888671875,0.03630299948180115,0.0,10.0,46,2025-11-28 16:36:43+00:00,1.3880555555555556,1.7999999999999998,0.03561643835616438
2025-11-28 18:00:00+00:00,2025-12-12 00:00:00+00:00,GTLB,GTLB251212P00039000,put,False,39.0,1.9,2.7,2.35,40.56999969482422,0.9985351708984375,0.03630299948180115,0.0,1.0,2,2025-11-25 15:55:37+00:00,74.07305555555556,2.3,0.03561643835616438
2025-11-28 18:00:00+00:00,2025-12-12 00:00:00+00:00,GTLB,GTLB251212P00040000,put,False,40.0,2.2,2.85,2.8,40.56999969482422,0.9243171630859376,0.03630299948180115,0.0,23.0,48,2025-11-26 17:45:41+00:00,48.23861111111111,2.5250000000000004,0.03561643835616438
2025-11-28 18:00:00+00:00,2025-12-12 00:00:00+00:00,GTLB,GTLB251212P00041000,put,False,41.0,2.75,3.3,3.1,40.56999969482422,0.92187578125,0.03630299948180115,0.0,6.0,52,2025-11-28 16:40:32+00:00,1.3244444444444445,3.025,0.03561643835616438
2025-11-28 18:00:00+00:00,2025-12-12 00:00:00+00:00,GTLB,GTLB251212P00042000,put,True,42.0,3.4,3.8,3.66,40.56999969482422,0.9267585449218749,0.03630299948180115,0.0,3.0,24,2025-11-28 17:12:42+00:00,0.7883333333333333,3.5999999999999996,0.03561643835616438
2025-11-28 18:00:00+00:00,2025-12-12 00:00:00+00:00,GTLB,GTLB251212P00043000,put,True,43.0,3.9,4.4,4.75,40.56999969482422,0.9086923193359374,0.03630299948180115,0.0,5.0,11,2025-11-26 19:02:18+00:00,46.961666666666666,4.15,0.03561643835616438
2025-11-28 18:00:00+00:00,2025-12-12 00:00:00+00:00,GTLB,GTLB251212P00044000,put,True,44.0,4.6,5.0,4.6,40.56999969482422,0.9062509375,0.03630299948180115,0.0,2.0,27,2025-11-28 16:39:09+00:00,1.3475,4.8,0.03561643835616438
2025-11-28 18:00:00+00:00,2025-12-12 00:00:00+00:00,GTLB,GTLB251212P00044500,put,True,44.5,4.9,5.5,5.0,40.56999969482422,0.9238288867187501,0.03630299948180115,0.0,,0,2025-11-24 15:25:27+00:00,98.57583333333334,5.2,0.03561643835616438
2025-11-28 18:00:00+00:00,2025-12-12 00:00:00+00:00,GTLB,GTLB251212P00045000,put,True,45.0,5.1,6.6,5.78,40.56999969482422,1.0185595947265624,0.03630299948180115,0.0,4.0,17,2025-11-26 20:09:55+00:00,45.834722222222226,5.85,0.03561643835616438
2025-11-28 18:00:00+00:00,2025-12-12 00:00:00+00:00,GTLB,GTLB251212P00046000,put,True,46.0,5.9,7.4,7.09,40.56999969482422,1.0434618139648442,0.03630299948180115,0.0,21.0,22,2025-11-26 15:28:22+00:00,50.52722222222222,6.65,0.03561643835616438
2025-11-28 18:00:00+00:00,2025-12-12 00:00:00+00:00,GTLB,GTLB251212P00047000,put,True,47.0,6.2,8.2,5.1,40.56999969482422,0.9707034179687499,0.03630299948180115,0.0,,10,2025-11-13 16:21:51+00:00,361.6358333333333,7.199999999999999,0.03561643835616438
2025-11-28 18:00:00+00:00,2025-12-12 00:00:00+00:00,GTLB,GTLB251212P00048000,put,True,48.0,6.9,9.1,6.47,40.56999969482422,0.9711916943359374,0.03630299948180115,0.0,1.0,1,2025-11-14 14:50:56+00:00,339.1511111111111,8.0,0.03561643835616438
2025-11-28 18:00:00+00:00,2025-12-12 00:00:00+00:00,GTLB,GTLB251212P00049000,put,True,49.0,7.8,9.5,8.6,40.56999969482422,0.8955088574218748,0.03630299948180115,0.0,1.0,1,2025-11-28 15:55:14+00:00,2.0794444444444444,8.65,0.03561643835616438
2025-11-28 18:00:00+00:00,2025-12-19 00:00:00+00:00,GTLB,GTLB251219C00025000,call,True,25.0,14.7,17.1,21.65,40.56999969482422,1.875000625,0.03630299948180115,0.0,10.0,17,2025-11-05 18:11:37+00:00,551.8063888888889,15.9,0.0547945205479452
2025-11-28 18:00:00+00:00,2025-12-19 00:00:00+00:00,GTLB,GTLB251219C00030000,call,True,30.0,11.0,12.0,11.7,40.56999969482422,1.0205127099609377,0.03630299948180115,0.0,2.0,13,2025-11-21 18:05:31+00:00,167.90805555555556,11.5,0.0547945205479452
2025-11-28 18:00:00+00:00,2025-12-19 00:00:00+00:00,GTLB,GTLB251219C00035000,call,True,35.0,5.4,8.9,7.06,40.56999969482422,0.8798840136718749,0.03630299948180115,0.0,19.0,0,2025-11-26 15:52:26+00:00,50.12611111111111,7.15,0.0547945205479452
2025-11-28 18:00:00+00:00,2025-12-19 00:00:00+00:00,GTLB,GTLB251219C00037500,call,True,37.5,3.6,7.3,5.5,40.56999969482422,0.8798840136718749,0.03630299948180115,0.0,1.0,0,2025-11-28 17:59:46+00:00,0.0038888888888888888,5.45,0.0547945205479452
2025-11-28 18:00:00+00:00,2025-12-19 00:00:00+00:00,GTLB,GTLB251219C00040000,call,True,40.0,3.8,4.2,3.95,40.56999969482422,0.86914193359375,0.03630299948180115,0.0,5.0,0,2025-11-28 17:53:27+00:00,0.10916666666666666,4.0,0.0547945205479452
2025-11-28 18:00:00+00:00,2025-12-19 00:00:00+00:00,GTLB,GTLB251219C00040500,call,True,40.5,3.6,4.1,3.6,40.56999969482422,0.8940440283203124,0.03630299948180115,0.0,50.0,50,2025-11-26 16:23:54+00:00,49.60166666666667,3.8499999999999996,0.0547945205479452
2025-11-28 18:00:00+00:00,2025-12-19 00:00:00+00:00,GTLB,GTLB251219C00041000,call,True,41.0,3.3,3.7,3.4,40.56999969482422,0.8652357226562499,0.03630299948180115,0.0,33.0,76,2025-11-26 20:51:48+00:00,45.13666666666666,3.5,0.0547945205479452
2025-11-28 18:00:00+00:00,2025-12-19 00:00:00+00:00,GTLB,GTLB251219C00041500,call,False,41.5,3.1,3.5,3.3,40.56999969482422,0.8710950390625,0.03630299948180115,0.0,1.0,5,2025-11-28 17:49:13+00:00,0.17972222222222223,3.3,0.0547945205479452
2025-11-28 18:00:00+00:00,2025-12-19 00:00:00+00:00,GTLB,GTLB251219C00042000,call,False,42.0,2.85,3.2,3.11,40.56999969482422,0.8559584716796875,0.03630299948180115,0.0,25.0,273,2025-11-28 16:14:50+00:00,1.7527777777777778,3.0250000000000004,0.0547945205479452
2025-11-28 18:00:00+00:00,2025-12-19 00:00:00+00:00,GTLB,GTLB251219C00042500,call,False,42.5,2.6,3.1,2.61,40.56999969482422,0.8627943408203125,0.03630299948180115,0.0,13.0,513,2025-11-26 15:26:18+00:00,50.56166666666667,2.85,0.0547945205479452
2025-11-28 18:00:00+00:00,2025-12-19 00:00:00+00:00,GTLB,GTLB251219C00043000,call,False,43.0,0.65,4.6,2.7,40.56999969482422,0.8544936425781251,0.03630299948180115,0.0,7.0,13,2025-11-26 15:06:45+00:00,50.8875,2.625,0.0547945205479452
2025-11-28 18:00:00+00:00,2025-12-19 00:00:00+00:00,GTLB,GTLB251219C00044000,call,False,44.0,0.65,2.45,2.24,40.56999969482422,0.6674837939453127,0.03630299948180115,0.0,1.0,0,2025-11-26 20:28:26+00:00,45.52611111111111,1.55,0.0547945205479452
2025-11-28 18:00:00+00:00,2025-12-19 00:00:00+00:00,GTLB,GTLB251219C00045000,call,False,45.0,1.75,2.05,1.95,40.56999969482422,0.8383805224609374,0.03630299948180115,0.0,3.0,0,2025-11-28 14:59:21+00:00,3.0108333333333333,1.9,0.0547945205479452
2025-11-28 18:00:00+00:00,2025-12-19 00:00:00+00:00,GTLB,GTLB251219C00045500,call,False,45.5,1.45,1.95,2.0,40.56999969482422,0.8227556787109375,0.03630299948180115,0.0,1.0,4,2025-11-25 18:32:55+00:00,71.45138888888889,1.7,0.0547945205479452
2025-11-28 18:00:00+00:00,2025-12-19 00:00:00+00:00,GTLB,GTLB251219C00046000,call,False,46.0,1.35,1.9,1.8,40.56999969482422,0.8383805224609374,0.03630299948180115,0.0,1.0,35,2025-11-25 15:42:42+00:00,74.28833333333333,1.625,0.0547945205479452
2025-11-28 18:00:00+00:00,2025-12-19 00:00:00+00:00,GTLB,GTLB251219C00046500,call,False,46.5,0.5,1.75,1.95,40.56999969482422,0.729494892578125,0.03630299948180115,0.0,,1,2025-11-24 16:24:30+00:00,97.59166666666667,1.125,0.0547945205479452
2025-11-28 18:00:00+00:00,2025-12-19 00:00:00+00:00,GTLB,GTLB251219C00047000,call,False,47.0,1.1,1.55,1.41,40.56999969482422,0.8208025732421874,0.03630299948180115,0.0,31.0,40,2025-11-26 19:58:32+00:00,46.02444444444444,1.3250000000000002,0.0547945205479452
2025-11-28 18:00:00+00:00,2025-12-19 00:00:00+00:00,GTLB,GTLB251219C00047500,call,False,47.5,1.25,1.4,1.31,40.56999969482422,0.852540537109375,0.03630299948180115,0.0,2.0,0,2025-11-28 17:40:03+00:00,0.3325,1.325,0.0547945205479452
2025-11-28 18:00:00+00:00,2025-12-19 00:00:00+00:00,GTLB,GTLB251219C00048000,call,False,48.0,1.0,1.4,1.25,40.56999969482422,0.8457046679687499,0.03630299948180115,0.0,1.0,11,2025-11-28 16:26:14+00:00,1.5627777777777778,1.2,0.0547945205479452
2025-11-28 18:00:00+00:00,2025-12-19 00:00:00+00:00,GTLB,GTLB251219C00049000,call,False,49.0,0.8,1.2,1.02,40.56999969482422,0.8398453515625,0.03630299948180115,0.0,2.0,12,2025-11-28 16:17:08+00:00,1.7144444444444444,1.0,0.0547945205479452
2025-11-28 18:00:00+00:00,2025-12-19 00:00:00+00:00,GTLB,GTLB251219C00050000,call,False,50.0,0.8,1.0,0.86,40.56999969482422,0.85937640625,0.03630299948180115,0.0,31.0,2575,2025-11-28 17:49:16+00:00,0.17888888888888888,0.9,0.0547945205479452
2025-11-28 18:00:00+00:00,2025-12-19 00:00:00+00:00,GTLB,GTLB251219C00052500,call,False,52.5,0.35,0.7,0.66,40.56999969482422,0.831056376953125,0.03630299948180115,0.0,2.0,0,2025-11-28 16:02:55+00:00,1.9513888888888888,0.5249999999999999,0.0547945205479452
2025-11-28 18:00:00+00:00,2025-12-19 00:00:00+00:00,GTLB,GTLB251219C00053000,call,False,53.0,0.5,0.65,0.5,40.56999969482422,0.875977802734375,0.03630299948180115,0.0,2.0,1,2025-11-28 16:53:30+00:00,1.1083333333333334,0.575,0.0547945205479452
2025-11-28 18:00:00+00:00,2025-12-19 00:00:00+00:00,GTLB,GTLB251219C00055000,call,False,55.0,0.4,0.6,0.4,40.56999969482422,0.9238288867187501,0.03630299948180115,0.0,15.0,0,2025-11-28 17:54:30+00:00,0.09166666666666666,0.5,0.0547945205479452
2025-11-28 18:00:00+00:00,2025-12-19 00:00:00+00:00,GTLB,GTLB251219C00057500,call,False,57.5,0.05,0.45,0.3,40.56999969482422,0.867188828125,0.03630299948180115,0.0,3.0,0,2025-11-28 14:44:17+00:00,3.2619444444444445,0.25,0.0547945205479452
2025-11-28 18:00:00+00:00,2025-12-19 00:00:00+00:00,GTLB,GTLB251219C00060000,call,False,60.0,0.0,0.75,0.38,40.56999969482422,1.0361376318359379,0.03630299948180115,0.0,1.0,0,2025-11-25 20:05:57+00:00,69.90083333333334,0.375,0.0547945205479452
2025-11-28 18:00:00+00:00,2025-12-19 00:00:00+00:00,GTLB,GTLB251219C00065000,call,False,65.0,0.1,0.75,0.1,40.56999969482422,1.2255898095703124,0.03630299948180115,0.0,18.0,2404,2025-11-28 17:33:06+00:00,0.4483333333333333,0.425,0.0547945205479452
2025-11-28 18:00:00+00:00,2025-12-19 00:00:00+00:00,GTLB,GTLB251219C00070000,call,False,70.0,0.0,0.35,0.14,40.56999969482422,1.154301103515625,0.03630299948180115,0.0,5.0,386,2025-11-25 19:40:28+00:00,70.32555555555555,0.175,0.0547945205479452
2025-11-28 18:00:00+00:00,2025-12-19 00:00:00+00:00,GTLB,GTLB251219C00075000,call,False,75.0,0.0,0.55,0.35,40.56999969482422,1.3750031249999999,0.03630299948180115,0.0,5.0,12,2025-10-13 14:54:41+00:00,1107.088611111111,0.275,0.0547945205479452
2025-11-28 18:00:00+00:00,2025-12-19 00:00:00+00:00,GTLB,GTLB251219P00025000,put,False,25.0,0.0,0.75,0.45,40.56999969482422,1.4111357568359377,0.03630299948180115,0.0,1.0,6,2025-11-07 18:23:13+00:00,503.61305555555555,0.375,0.0547945205479452
2025-11-28 18:00:00+00:00,2025-12-19 00:00:00+00:00,GTLB,GTLB251219P00027500,put,False,27.5,0.0,0.75,0.38,40.56999969482422,1.185550947265625,0.03630299948180115,0.0,1.0,0,2025-11-19 15:28:15+00:00,218.52916666666667,0.375,0.0547945205479452
2025-11-28 18:00:00+00:00,2025-12-19 00:00:00+00:00,GTLB,GTLB251219P00030000,put,False,30.0,0.0,0.75,0.3,40.56999969482422,0.9775392871093751,0.03630299948180115,0.0,21.0,68,2025-11-26 19:47:56+00:00,46.20111111111111,0.375,0.0547945205479452
2025-11-28 18:00:00+00:00,2025-12-19 00:00:00+00:00,GTLB,GTLB251219P00032000,put,False,32.0,0.1,0.85,0.5,40.56999969482422,0.87695435546875,0.03630299948180115,0.0,2.0,1,2025-11-25 20:03:30+00:00,69.94166666666666,0.475,0.0547945205479452
2025-11-28 18:00:00+00:00,2025-12-19 00:00:00+00:00,GTLB,GTLB251219P00032500,put,False,32.5,0.25,0.8,0.58,40.56999969482422,0.8623060644531251,0.03630299948180115,0.0,2.0,43,2025-11-26 20:47:32+00:00,45.20777777777778,0.525,0.0547945205479452
2025-11-28 18:00:00+00:00,2025-12-19 00:00:00+00:00,GTLB,GTLB251219P00033000,put,False,33.0,0.0,1.1,0.65,40.56999969482422,0.8339860351562498,0.03630299948180115,0.0,5.0,0,2025-11-26 19:08:59+00:00,46.85027777777778,0.55,0.0547945205479452
2025-11-28 18:00:00+00:00,2025-12-19 00:00:00+00:00,GTLB,GTLB251219P00034000,put,False,34.0,0.0,1.3,0.9,40.56999969482422,0.79687703125,0.03630299948180115,0.0,3.0,6,2025-11-26 16:42:43+00:00,49.28805555555556,0.65,0.0547945205479452
2025-11-28 18:00:00+00:00,2025-12-19 00:00:00+00:00,GTLB,GTLB251219P00035000,put,False,35.0,0.85,1.1,1.16,40.56999969482422,0.8378922460937499,0.03630299948180115,0.0,55.0,967,2025-11-26 20:07:06+00:00,45.88166666666667,0.9750000000000001,0.0547945205479452
2025-11-28 18:00:00+00:00,2025-12-19 00:00:00+00:00,GTLB,GTLB251219P00037000,put,False,37.0,1.4,1.75,1.8,40.56999969482422,0.8403336279296875,0.03630299948180115,0.0,9.0,13,2025-11-26 19:26:21+00:00,46.560833333333335,1.575,0.0547945205479452
2025-11-28 18:00:00+00:00,2025-12-19 00:00:00+00:00,GTLB,GTLB251219P00037500,put,False,37.5,1.6,2.0,1.77,40.56999969482422,0.8540053662109376,0.03630299948180115,0.0,1.0,772,2025-11-28 16:27:19+00:00,1.5447222222222223,1.8,0.0547945205479452
2025-11-28 18:00:00+00:00,2025-12-19 00:00:00+00:00,GTLB,GTLB251219P00038000,put,False,38.0,0.5,2.1,2.1,40.56999969482422,0.6577182666015625,0.03630299948180115,0.0,1.0,12,2025-11-26 15:54:08+00:00,50.09777777777778,1.3,0.0547945205479452
2025-11-28 18:00:00+00:00,2025-12-19 00:00:00+00:00,GTLB,GTLB251219P00039000,put,False,39.0,2.0,4.4,2.0,40.56999969482422,1.0615281298828125,0.03630299948180115,0.0,1.0,14,2025-11-28 16:28:58+00:00,1.5172222222222222,3.2,0.0547945205479452
2025-11-28 18:00:00+00:00,2025-12-19 00:00:00+00:00,GTLB,GTLB251219P00040000,put,False,40.0,2.6,2.85,2.75,40.56999969482422,0.81445498046875,0.03630299948180115,0.0,18.0,1501,2025-11-28 17:09:03+00:00,0.8491666666666666,2.725,0.0547945205479452
2025-11-28 18:00:00+00:00,2025-12-19 00:00:00+00:00,GTLB,GTLB251219P00040500,put,False,40.5,2.85,3.2,2.88,40.56999969482422,0.8271501660156249,0.03630299948180115,0.0,25.0,235,2025-11-28 16:14:50+00:00,1.7527777777777778,3.0250000000000004,0.0547945205479452
2025-11-28 18:00:00+00:00,2025-12-19 00:00:00+00:00,GTLB,GTLB251219P00041000,put,False,41.0,3.1,3.4,3.2,40.56999969482422,0.8173846386718748,0.03630299948180115,0.0,1.0,0,2025-11-28 16:20:26+00:00,1.6594444444444445,3.25,0.0547945205479452
2025-11-28 18:00:00+00:00,2025-12-19 00:00:00+00:00,GTLB,GTLB251219P00041500,put,True,41.5,3.2,3.7,4.1,40.56999969482422,0.79883013671875,0.03630299948180115,0.0,1.0,0,2025-11-26 15:25:07+00:00,50.58138888888889,3.45,0.0547945205479452
2025-11-28 18:00:00+00:00,2025-12-19 00:00:00+00:00,GTLB,GTLB251219P00042500,put,True,42.5,3.7,4.2,4.1,40.56999969482422,0.7778342529296876,0.03630299948180115,0.0,3.0,417,2025-11-28 17:59:11+00:00,0.01361111111111111,3.95,0.0547945205479452
2025-11-28 18:00:00+00:00,2025-12-19 00:00:00+00:00,GTLB,GTLB251219P00044000,put,True,44.0,4.8,5.2,5.38,40.56999969482422,0.799806689453125,0.03630299948180115,0.0,2.0,2,2025-11-25 19:13:35+00:00,70.77361111111111,5.0,0.0547945205479452
2025-11-28 18:00:00+00:00,2025-12-19 00:00:00+00:00,GTLB,GTLB251219P00045000,put,True,45.0,5.4,6.0,6.4,40.56999969482422,0.8017597949218749,0.03630299948180115,0.0,16.0,1883,2025-11-26 17:04:55+00:00,48.918055555555554,5.7,0.0547945205479452
2025-11-28 18:00:00+00:00,2025-12-19 00:00:00+00:00,GTLB,GTLB251219P00047500,put,True,47.5,7.2,8.0,8.05,40.56999969482422,0.8027363476562499,0.03630299948180115,0.0,1.0,601,2025-11-25 17:18:58+00:00,72.68388888888889,7.6,0.0547945205479452
2025-11-28 18:00:00+00:00,2025-12-19 00:00:00+00:00,GTLB,GTLB251219P00048000,put,True,48.0,7.6,9.1,8.34,40.56999969482422,0.9086923193359374,0.03630299948180115,0.0,10.0,10,2025-11-25 14:38:27+00:00,75.35916666666667,8.35,0.0547945205479452
2025-11-28 18:00:00+00:00,2025-12-19 00:00:00+00:00,GTLB,GTLB251219P00049000,put,True,49.0,8.5,10.0,9.06,40.56999969482422,0.938477177734375,0.03630299948180115,0.0,5.0,100,2025-11-26 18:07:03+00:00,47.8825,9.25,0.0547945205479452
2025-11-28 18:00:00+00:00,2025-12-19 00:00:00+00:00,GTLB,GTLB251219P00050000,put,True,50.0,9.4,10.0,10.0,40.56999969482422,0.8095722167968749,0.03630299948180115,0.0,1.0,411,2025-11-21 18:27:13+00:00,167.54638888888888,9.7,0.0547945205479452
2025-11-28 18:00:00+00:00,2025-12-19 00:00:00+00:00,GTLB,GTLB251219P00052500,put,True,52.5,11.1,13.5,8.4,40.56999969482422,0.9692385888671875,0.03630299948180115,0.0,7.0,643,2025-11-10 14:35:25+00:00,435.40972222222223,12.3,0.0547945205479452
2025-11-28 18:00:00+00:00,2025-12-19 00:00:00+00:00,GTLB,GTLB251219P00055000,put,True,55.0,13.4,15.8,10.6,40.56999969482422,0.99804689453125,0.03630299948180115,0.0,4.0,0,2025-11-10 14:32:59+00:00,435.4502777777778,14.600000000000001,0.0547945205479452
2025-11-28 18:00:00+00:00,2025-12-19 00:00:00+00:00,GTLB,GTLB251219P00060000,put,True,60.0,15.1,17.6,13.9,40.56999969482422,1.0000000000000003e-05,0.03630299948180115,0.0,,5,2025-09-29 18:49:24+00:00,1439.1766666666667,16.35,0.0547945205479452
2025-11-28 18:00:00+00:00,2025-12-19 00:00:00+00:00,GTLB,GTLB251219P00065000,put,True,65.0,18.9,22.3,15.87,40.56999969482422,1.0000000000000003e-05,0.03630299948180115,0.0,,2,2025-09-18 16:56:39+00:00,1705.0558333333333,20.6,0.0547945205479452
2025-11-28 18:00:00+00:00,2025-12-26 00:00:00+00:00,GTLB,GTLB251226C00040000,call,True,40.0,3.3,4.4,3.7,40.56999969482422,0.7236355761718749,0.03630299948180115,0.0,4.0,13,2025-11-26 15:42:44+00:00,50.28777777777778,3.85,0.07397260273972603
2025-11-28 18:00:00+00:00,2025-12-26 00:00:00+00:00,GTLB,GTLB251226C00041000,call,True,41.0,2.1,3.8,3.5,40.56999969482422,0.6337927246093751,0.03630299948180115,0.0,4.0,9,2025-11-26 20:59:34+00:00,45.007222222222225,2.95,0.07397260273972603
2025-11-28 18:00:00+00:00,2025-12-26 00:00:00+00:00,GTLB,GTLB251226C00042000,call,False,42.0,1.45,3.4,2.9,40.56999969482422,0.6152382226562501,0.03630299948180115,0.0,17.0,37,2025-11-26 20:25:10+00:00,45.580555555555556,2.425,0.07397260273972603
2025-11-28 18:00:00+00:00,2025-12-26 00:00:00+00:00,GTLB,GTLB251226C00043000,call,False,43.0,0.85,2.95,2.75,40.56999969482422,0.5852092260742188,0.03630299948180115,0.0,3.0,0,2025-11-26 17:39:37+00:00,48.33972222222222,1.9000000000000001,0.07397260273972603
2025-11-28 18:00:00+00:00,2025-12-26 00:00:00+00:00,GTLB,GTLB251226C00044000,call,False,44.0,0.7,2.7,2.32,40.56999969482422,0.6157264990234376,0.03630299948180115,0.0,2.0,17,2025-11-28 16:39:09+00:00,1.3475,1.7000000000000002,0.07397260273972603
2025-11-28 18:00:00+00:00,2025-12-26 00:00:00+00:00,GTLB,GTLB251226C00045000,call,False,45.0,1.45,2.35,2.2,40.56999969482422,0.7304714453125,0.03630299948180115,0.0,1.0,58,2025-11-28 16:17:08+00:00,1.7144444444444444,1.9,0.07397260273972603
2025-11-28 18:00:00+00:00,2025-12-26 00:00:00+00:00,GTLB,GTLB251226C00046000,call,False,46.0,0.15,2.1,3.44,40.56999969482422,0.6064492480468751,0.03630299948180115,0.0,2.0,0,2025-11-14 20:47:54+00:00,333.20166666666665,1.125,0.07397260273972603
2025-11-28 18:00:00+00:00,2025-12-26 00:00:00+00:00,GTLB,GTLB251226C00047000,call,False,47.0,0.0,1.8,1.6,40.56999969482422,0.6020547607421877,0.03630299948180115,0.0,2.0,0,2025-11-25 20:05:01+00:00,69.91638888888889,0.9,0.07397260273972603
2025-11-28 18:00:00+00:00,2025-12-26 00:00:00+00:00,GTLB,GTLB251226C00048000,call,False,48.0,1.15,1.65,1.35,40.56999969482422,0.789064609375,0.03630299948180115,0.0,2.0,0,2025-11-28 17:42:47+00:00,0.28694444444444445,1.4,0.07397260273972603
2025-11-28 18:00:00+00:00,2025-12-26 00:00:00+00:00,GTLB,GTLB251226C00049000,call,False,49.0,0.0,2.95,1.4,40.56999969482422,0.8608412353515625,0.03630299948180115,0.0,5.0,0,2025-11-24 18:42:04+00:00,95.29888888888888,1.475,0.07397260273972603
2025-11-28 18:00:00+00:00,2025-12-26 00:00:00+00:00,GTLB,GTLB251226C00050000,call,False,50.0,0.0,1.25,1.18,40.56999969482422,0.6601596484375001,0.03630299948180115,0.0,31.0,36,2025-11-21 20:21:59+00:00,165.63361111111112,0.625,0.07397260273972603
2025-11-28 18:00:00+00:00,2025-12-26 00:00:00+00:00,GTLB,GTLB251226C00052000,call,False,52.0,0.0,2.7,1.0,40.56999969482422,0.9707034179687499,0.03630299948180115,0.0,1.0,0,2025-11-24 18:55:21+00:00,95.0775,1.35,0.07397260273972603
2025-11-28 18:00:00+00:00,2025-12-26 00:00:00+00:00,GTLB,GTLB251226C00060000,call,False,60.0,0.0,1.15,0.75,40.56999969482422,1.0009815576171874,0.03630299948180115,0.0,,1,2025-11-12 20:51:56+00:00,381.13444444444445,0.575,0.07397260273972603
2025-11-28 18:00:00+00:00,2025-12-26 00:00:00+00:00,GTLB,GTLB251226P00030000,put,False,30.0,0.0,0.95,0.48,40.56999969482422,0.9082040429687499,0.03630299948180115,0.0,2.0,0,2025-11-28 16:28:06+00:00,1.5316666666666667,0.475,0.07397260273972603
2025-11-28 18:00:00+00:00,2025-12-26 00:00:00+00:00,GTLB,GTLB251226P00034000,put,False,34.0,0.0,2.9,0.95,40.56999969482422,0.9619144433593749,0.03630299948180115,0.0,2.0,0,2025-11-25 17:22:41+00:00,72.62194444444444,1.45,0.07397260273972603
2025-11-28 18:00:00+00:00,2025-12-26 00:00:00+00:00,GTLB,GTLB251226P00035000,put,False,35.0,0.35,1.85,1.15,40.56999969482422,0.7695335546875001,0.03630299948180115,0.0,1.0,0,2025-11-24 14:50:11+00:00,99.16361111111111,1.1,0.07397260273972603
2025-11-28 18:00:00+00:00,2025-12-26 00:00:00+00:00,GTLB,GTLB251226P00037000,put,False,37.0,0.0,1.9,1.86,40.56999969482422,0.5629926513671876,0.03630299948180115,0.0,4.0,0,2025-11-26 19:32:05+00:00,46.46527777777778,0.95,0.07397260273972603
2025-11-28 18:00:00+00:00,2025-12-26 00:00:00+00:00,GTLB,GTLB251226P00038000,put,False,38.0,0.15,2.35,2.0,40.56999969482422,0.5600629931640625,0.03630299948180115,0.0,,1,2025-11-18 15:45:21+00:00,242.24416666666667,1.25,0.07397260273972603
2025-11-28 18:00:00+00:00,2025-12-26 00:00:00+00:00,GTLB,GTLB251226P00039000,put,False,39.0,0.45,2.7,2.5,40.56999969482422,0.5493209130859377,0.03630299948180115,0.0,2.0,0,2025-11-26 20:10:42+00:00,45.821666666666665,1.5750000000000002,0.07397260273972603
2025-11-28 18:00:00+00:00,2025-12-26 00:00:00+00:00,GTLB,GTLB251226P00040000,put,False,40.0,2.15,3.1,2.85,40.56999969482422,0.6870148486328126,0.03630299948180115,0.0,7.0,7,2025-11-28 17:21:24+00:00,0.6433333333333333,2.625,0.07397260273972603
2025-11-28 18:00:00+00:00,2025-12-26 00:00:00+00:00,GTLB,GTLB251226P00041000,put,False,41.0,1.35,3.6,2.61,40.56999969482422,0.5434615966796876,0.03630299948180115,0.0,1.0,6,2025-11-24 16:47:36+00:00,97.20666666666666,2.475,0.07397260273972603
2025-11-28 18:00:00+00:00,2025-12-26 00:00:00+00:00,GTLB,GTLB251226P00042000,put,True,42.0,1.85,4.1,2.88,40.56999969482422,0.5307664111328125,0.03630299948180115,0.0,,10,2025-11-18 18:40:06+00:00,239.33166666666668,2.9749999999999996,0.07397260273972603
2025-11-28 18:00:00+00:00,2025-12-26 00:00:00+00:00,GTLB,GTLB251226P00043000,put,True,43.0,2.5,4.6,4.33,40.56999969482422,0.5210008837890624,0.03630299948180115,0.0,1.0,47,2025-11-21 15:37:50+00:00,170.36944444444444,3.55,0.07397260273972603
2025-11-28 18:00:00+00:00,2025-12-26 00:00:00+00:00,GTLB,GTLB251226P00044000,put,True,44.0,3.1,5.4,4.78,40.56999969482422,0.5258836474609375,0.03630299948180115,0.0,2.0,14,2025-11-28 16:39:09+00:00,1.3475,4.25,0.07397260273972603
2025-11-28 18:00:00+00:00,2025-12-26 00:00:00+00:00,GTLB,GTLB251226P00045000,put,True,45.0,3.8,7.0,5.0,40.56999969482422,0.6279334082031252,0.03630299948180115,0.0,1.0,0,2025-11-14 14:30:01+00:00,339.4997222222222,5.4,0.07397260273972603
2025-11-28 18:00:00+00:00,2025-12-26 00:00:00+00:00,GTLB,GTLB251226P00046000,put,True,46.0,4.5,7.7,6.33,40.56999969482422,0.6157264990234376,0.03630299948180115,0.0,1.0,8,2025-11-24 20:20:26+00:00,93.65944444444445,6.1,0.07397260273972603
2025-11-28 18:00:00+00:00,2025-12-26 00:00:00+00:00,GTLB,GTLB251226P00047000,put,True,47.0,5.3,9.0,7.19,40.56999969482422,0.6850617431640625,0.03630299948180115,0.0,1.0,0,2025-11-28 17:47:46+00:00,0.2038888888888889,7.15,0.07397260273972603
2025-11-28 18:00:00+00:00,2025-12-26 00:00:00+00:00,GTLB,GTLB251226P00048000,put,True,48.0,6.1,9.8,5.3,40.56999969482422,0.684573466796875,0.03630299948180115,0.0,,3,2025-11-11 17:45:03+00:00,408.24916666666667,7.95,0.07397260273972603
2025-11-28 18:00:00+00:00,2025-12-26 00:00:00+00:00,GTLB,GTLB251226P00050000,put,True,50.0,7.7,11.5,9.54,40.56999969482422,0.6718782812500002,0.03630299948180115,0.0,1.0,5,2025-11-28 17:47:46+00:00,0.2038888888888889,9.6,0.07397260273972603
2025-11-28 18:00:00+00:00,2026-01-02 00:00:00+00:00,GTLB,GTLB260102C00040000,call,True,40.0,2.45,6.3,5.18,40.56999969482422,0.7543969873046875,0.03630299948180115,0.0,,1,2025-11-24 17:12:48+00:00,96.78666666666666,4.375,0.09315068493150686
2025-11-28 18:00:00+00:00,2026-01-02 00:00:00+00:00,GTLB,GTLB260102C00044000,call,False,44.0,0.55,4.6,3.1,40.56999969482422,0.7280300634765625,0.03630299948180115,0.0,1.0,0,2025-11-26 14:30:01+00:00,51.499722222222225,2.5749999999999997,0.09315068493150686
2025-11-28 18:00:00+00:00,2026-01-02 00:00:00+00:00,GTLB,GTLB260102C00045000,call,False,45.0,2.0,4.2,2.0,40.56999969482422,0.8969736865234373,0.03630299948180115,0.0,1.0,13,2025-11-28 16:03:43+00:00,1.9380555555555556,3.1,0.09315068493150686
2025-11-28 18:00:00+00:00,2026-01-02 00:00:00+00:00,GTLB,GTLB260102C00050000,call,False,50.0,0.0,1.75,1.15,40.56999969482422,0.6650424121093752,0.03630299948180115,0.0,10.0,11,2025-11-25 17:57:07+00:00,72.04805555555555,0.875,0.09315068493150686
2025-11-28 18:00:00+00:00,2026-01-02 00:00:00+00:00,GTLB,GTLB260102C00054000,call,False,54.0,0.0,2.7,1.0,40.56999969482422,0.9487309814453124,0.03630299948180115,0.0,,1,2025-11-20 20:44:34+00:00,189.25722222222223,1.35,0.09315068493150686
2025-11-28 18:00:00+00:00,2026-01-02 00:00:00+00:00,GTLB,GTLB260102P00035000,put,False,35.0,0.05,3.4,1.71,40.56999969482422,0.8554701953125,0.03630299948180115,0.0,1.0,0,2025-11-21 19:08:58+00:00,166.85055555555556,1.7249999999999999,0.09315068493150686
2025-11-28 18:00:00+00:00,2026-01-02 00:00:00+00:00,GTLB,GTLB260102P00037000,put,False,37.0,0.3,2.15,1.97,40.56999969482422,0.5737347314453125,0.03630299948180115,0.0,2.0,3,2025-11-26 20:42:13+00:00,45.29638888888889,1.2249999999999999,0.09315068493150686
2025-11-28 18:00:00+00:00,2026-01-02 00:00:00+00:00,GTLB,GTLB260102P00040000,put,False,40.0,1.15,4.0,3.29,40.56999969482422,0.6066933862304689,0.03630299948180115,0.0,1.0,0,2025-11-25 15:43:43+00:00,74.2713888888889,2.575,0.09315068493150686
2025-11-28 18:00:00+00:00,2026-01-02 00:00:00+00:00,GTLB,GTLB260102P00045000,put,True,45.0,4.0,7.2,5.03,40.56999969482422,0.6057168334960938,0.03630299948180115,0.0,,3,2025-11-19 15:19:45+00:00,218.67083333333332,5.6,0.09315068493150686
2025-11-28 18:00:00+00:00,2026-01-16 00:00:00+00:00,GTLB,GTLB260116C00020000,call,True,20.0,22.5,26.6,27.55,40.56999969482422,2.631839357910157,0.03630299948180115,0.0,3.0,29,2025-09-25 16:20:59+00:00,1537.6502777777778,24.55,0.13150684931506848
2025-11-28 18:00:00+00:00,2026-01-16 00:00:00+00:00,GTLB,GTLB260116C00022500,call,True,22.5,16.9,20.9,20.2,40.56999969482422,1.0742233789062503,0.03630299948180115,0.0,1.0,0,2025-11-07 17:17:39+00:00,504.7058333333333,18.9,0.13150684931506848
2025-11-28 18:00:00+00:00,2026-01-16 00:00:00+00:00,GTLB,GTLB260116C00025000,call,True,25.0,14.9,17.5,23.3,40.56999969482422,0.7597680273437502,0.03630299948180115,0.0,6.0,120,2025-10-20 15:09:50+00:00,938.8361111111111,16.2,0.13150684931506848
2025-11-28 18:00:00+00:00,2026-01-16 00:00:00+00:00,GTLB,GTLB260116C00027500,call,True,27.5,12.3,16.3,20.2,40.56999969482422,0.9492192578124999,0.03630299948180115,0.0,20.0,21,2025-10-17 14:09:11+00:00,1011.8469444444445,14.3,0.13150684931506848
2025-11-28 18:00:00+00:00,2026-01-16 00:00:00+00:00,GTLB,GTLB260116C00030000,call,True,30.0,10.4,12.8,12.3,40.56999969482422,0.717776259765625,0.03630299948180115,0.0,3.0,0,2025-11-24 14:39:27+00:00,99.3425,11.600000000000001,0.13150684931506848
2025-11-28 18:00:00+00:00,2026-01-16 00:00:00+00:00,GTLB,GTLB260116C00032500,call,True,32.5,8.0,10.4,17.6,40.56999969482422,0.6103554589843752,0.03630299948180115,0.0,3.0,0,2025-11-04 14:43:28+00:00,579.2755555555556,9.2,0.13150684931506848
2025-11-28 18:00:00+00:00,2026-01-16 00:00:00+00:00,GTLB,GTLB260116C00035000,call,True,35.0,7.4,8.3,7.88,40.56999969482422,0.7397486962890624,0.03630299948180115,0.0,2.0,682,2025-11-25 15:34:57+00:00,74.4175,7.8500000000000005,0.13150684931506848
2025-11-28 18:00:00+00:00,2026-01-16 00:00:00+00:00,GTLB,GTLB260116C00037500,call,True,37.5,5.5,7.0,7.85,40.56999969482422,0.7326686889648437,0.03630299948180115,0.0,4.0,0,2025-11-18 14:49:46+00:00,243.17055555555555,6.25,0.13150684931506848
2025-11-28 18:00:00+00:00,2026-01-16 00:00:00+00:00,GTLB,GTLB260116C00040000,call,True,40.0,4.7,5.3,5.0,40.56999969482422,0.7460962890625,0.03630299948180115,0.0,90.0,1007,2025-11-28 15:10:14+00:00,2.8294444444444444,5.0,0.13150684931506848
2025-11-28 18:00:00+00:00,2026-01-16 00:00:00+00:00,GTLB,GTLB260116C00042500,call,False,42.5,3.5,4.0,3.8,40.56999969482422,0.72070591796875,0.03630299948180115,0.0,3.0,0,2025-11-28 17:58:51+00:00,0.019166666666666665,3.75,0.13150684931506848
2025-11-28 18:00:00+00:00,2026-01-16 00:00:00+00:00,GTLB,GTLB260116C00045000,call,False,45.0,2.5,3.0,2.95,40.56999969482422,0.702151416015625,0.03630299948180115,0.0,29.0,0,2025-11-28 16:14:08+00:00,1.7644444444444445,2.75,0.13150684931506848
2025-11-28 18:00:00+00:00,2026-01-16 00:00:00+00:00,GTLB,GTLB260116C00047500,call,False,47.5,1.85,2.35,2.1,40.56999969482422,0.7104521142578125,0.03630299948180115,0.0,1.0,822,2025-11-28 14:56:00+00:00,3.066666666666667,2.1,0.13150684931506848
2025-11-28 18:00:00+00:00,2026-01-16 00:00:00+00:00,GTLB,GTLB260116C00050000,call,False,50.0,1.55,1.7,1.6,40.56999969482422,0.7238797143554687,0.03630299948180115,0.0,113.0,6213,2025-11-28 17:57:04+00:00,0.04888888888888889,1.625,0.13150684931506848
2025-11-28 18:00:00+00:00,2026-01-16 00:00:00+00:00,GTLB,GTLB260116C00052500,call,False,52.5,1.05,1.35,1.1,40.56999969482422,0.7231472998046875,0.03630299948180115,0.0,9.0,0,2025-11-26 19:16:19+00:00,46.72805555555556,1.2000000000000002,0.13150684931506848
2025-11-28 18:00:00+00:00,2026-01-16 00:00:00+00:00,GTLB,GTLB260116C00055000,call,False,55.0,0.75,0.95,0.9,40.56999969482422,0.7148466015625,0.03630299948180115,0.0,2.0,0,2025-11-28 16:53:30+00:00,1.1083333333333334,0.85,0.13150684931506848
2025-11-28 18:00:00+00:00,2026-01-16 00:00:00+00:00,GTLB,GTLB260116C00057500,call,False,57.5,0.0,1.35,0.3,40.56999969482422,0.7329128271484374,0.03630299948180115,0.0,1.0,1005,2025-11-25 18:29:33+00:00,71.5075,0.675,0.13150684931506848
2025-11-28 18:00:00+00:00,2026-01-16 00:00:00+00:00,GTLB,GTLB260116C00060000,call,False,60.0,0.05,0.65,0.53,40.56999969482422,0.676761044921875,0.03630299948180115,0.0,11.0,0,2025-11-28 17:28:09+00:00,0.5308333333333334,0.35000000000000003,0.13150684931506848
2025-11-28 18:00:00+00:00,2026-01-16 00:00:00+00:00,GTLB,GTLB260116C00062500,call,False,62.5,0.05,0.8,0.8,40.56999969482422,0.7617211328125001,0.03630299948180115,0.0,50.0,644,2025-11-25 19:02:12+00:00,70.96333333333334,0.42500000000000004,0.13150684931506848
2025-11-28 18:00:00+00:00,2026-01-16 00:00:00+00:00,GTLB,GTLB260116C00065000,call,False,65.0,0.15,0.4,0.31,40.56999969482422,0.7421900781249999,0.03630299948180115,0.0,2.0,0,2025-11-28 16:23:02+00:00,1.616111111111111,0.275,0.13150684931506848
2025-11-28 18:00:00+00:00,2026-01-16 00:00:00+00:00,GTLB,GTLB260116C00067500,call,False,67.5,0.0,0.75,0.3,40.56999969482422,0.8388687988281249,0.03630299948180115,0.0,7.0,0,2025-11-20 19:00:46+00:00,190.98722222222221,0.375,0.13150684931506848
2025-11-28 18:00:00+00:00,2026-01-16 00:00:00+00:00,GTLB,GTLB260116C00070000,call,False,70.0,0.0,0.3,0.2,40.56999969482422,0.7460962890625,0.03630299948180115,0.0,1.0,1287,2025-11-28 15:02:15+00:00,2.9625,0.15,0.13150684931506848
2025-11-28 18:00:00+00:00,2026-01-16 00:00:00+00:00,GTLB,GTLB260116C00072500,call,False,72.5,0.1,1.3,0.15,40.56999969482422,1.0620164086914063,0.03630299948180115,0.0,11.0,0,2025-11-26 19:55:22+00:00,46.077222222222225,0.7000000000000001,0.13150684931506848
2025-11-28 18:00:00+00:00,2026-01-16 00:00:00+00:00,GTLB,GTLB260116C00075000,call,False,75.0,0.05,0.5,0.14,40.56999969482422,0.91211025390625,0.03630299948180115,0.0,25.0,0,2025-11-26 20:45:48+00:00,45.236666666666665,0.275,0.13150684931506848
2025-11-28 18:00:00+00:00,2026-01-16 00:00:00+00:00,GTLB,GTLB260116C00077500,call,False,77.5,0.0,0.45,0.15,40.56999969482422,0.9169930175781251,0.03630299948180115,0.0,60.0,898,2025-11-26 20:41:03+00:00,45.31583333333333,0.225,0.13150684931506848
2025-11-28 18:00:00+00:00,2026-01-16 00:00:00+00:00,GTLB,GTLB260116C00080000,call,False,80.0,0.0,0.3,0.15,40.56999969482422,0.8906260937499999,0.03630299948180115,0.0,11.0,0,2025-11-25 18:31:03+00:00,71.4825,0.15,0.13150684931506848
2025-11-28 18:00:00+00:00,2026-01-16 00:00:00+00:00,GTLB,GTLB260116C00085000,call,False,85.0,0.05,0.5,0.17,40.56999969482422,1.0546922265625,0.03630299948180115,0.0,8.0,0,2025-10-27 14:06:37+00:00,771.8897222222222,0.275,0.13150684931506848
2025-11-28 18:00:00+00:00,2026-01-16 00:00:00+00:00,GTLB,GTLB260116C00090000,call,False,90.0,0.0,0.55,0.15,40.56999969482422,1.1171919140625,0.03630299948180115,0.0,106.0,0,2025-11-26 20:41:07+00:00,45.31472222222222,0.275,0.13150684931506848
2025-11-28 18:00:00+00:00,2026-01-16 00:00:00+00:00,GTLB,GTLB260116C00095000,call,False,95.0,0.0,0.55,0.27,40.56999969482422,1.1757853710937498,0.03630299948180115,0.0,35.0,2793,2025-10-21 14:31:29+00:00,915.4752777777778,0.275,0.13150684931506848
2025-11-28 18:00:00+00:00,2026-01-16 00:00:00+00:00,GTLB,GTLB260116C00100000,call,False,100.0,0.05,0.5,0.3,40.56999969482422,1.23047259765625,0.03630299948180115,0.0,5.0,1161,2025-11-21 17:10:50+00:00,168.81944444444446,0.275,0.13150684931506848
2025-11-28 18:00:00+00:00,2026-01-16 00:00:00+00:00,GTLB,GTLB260116C00105000,call,False,105.0,0.0,0.5,0.3,40.56999969482422,1.2636755566406248,0.03630299948180115,0.0,10.0,486,2025-10-29 16:29:31+00:00,721.5080555555555,0.25,0.13150684931506848
2025-11-28 18:00:00+00:00,2026-01-16 00:00:00+00:00,GTLB,GTLB260116C00110000,call,False,110.0,0.0,0.3,0.05,40.56999969482422,1.2168007910156249,0.03630299948180115,0.0,3.0,0,2025-10-28 18:05:10+00:00,743.9138888888889,0.15,0.13150684931506848
2025-11-28 18:00:00+00:00,2026-01-16 00:00:00+00:00,GTLB,GTLB260116P00020000,put,False,20.0,0.0,0.1,0.1,40.56999969482422,0.8945323046874999,0.03630299948180115,0.0,1.0,19,2025-11-25 20:03:48+00:00,69.93666666666667,0.05,0.13150684931506848
2025-11-28 18:00:00+00:00,2026-01-16 00:00:00+00:00,GTLB,GTLB260116P00022500,put,False,22.5,0.0,2.2,0.25,40.56999969482422,1.4716823291015624,0.03630299948180115,0.0,1.0,157,2025-09-04 13:45:54+00:00,2044.235,1.1,0.13150684931506848
2025-11-28 18:00:00+00:00,2026-01-16 00:00:00+00:00,GTLB,GTLB260116P00025000,put,False,25.0,0.0,0.45,0.2,40.56999969482422,0.8349625878906248,0.03630299948180115,0.0,1.0,0,2025-11-25 20:03:48+00:00,69.93666666666667,0.225,0.13150684931506848
2025-11-28 18:00:00+00:00,2026-01-16 00:00:00+00:00,GTLB,GTLB260116P00027500,put,False,27.5,0.05,0.8,0.29,40.56999969482422,0.8125018749999999,0.03630299948180115,0.0,4.0,344,2025-11-17 16:14:57+00:00,265.75083333333333,0.42500000000000004,0.13150684931506848
2025-11-28 18:00:00+00:00,2026-01-16 00:00:00+00:00,GTLB,GTLB260116P00030000,put,False,30.0,0.25,1.0,0.55,40.56999969482422,0.7500025,0.03630299948180115,0.0,1.0,0,2025-11-28 17:13:27+00:00,0.7758333333333334,0.625,0.13150684931506848
2025-11-28 18:00:00+00:00,2026-01-16 00:00:00+00:00,GTLB,GTLB260116P00032500,put,False,32.5,0.4,1.2,1.1,40.56999969482422,0.659183095703125,0.03630299948180115,0.0,5.0,286,2025-11-25 18:09:25+00:00,71.84305555555555,0.8,0.13150684931506848
2025-11-28 18:00:00+00:00,2026-01-16 00:00:00+00:00,GTLB,GTLB260116P00035000,put,False,35.0,1.45,1.8,1.6,40.56999969482422,0.7041045214843751,0.03630299948180115,0.0,2.0,0,2025-11-28 17:30:03+00:00,0.49916666666666665,1.625,0.13150684931506848
2025-11-28 18:00:00+00:00,2026-01-16 00:00:00+00:00,GTLB,GTLB260116P00037500,put,False,37.5,2.15,2.7,2.47,40.56999969482422,0.6838410522460938,0.03630299948180115,0.0,1.0,0,2025-11-28 16:27:19+00:00,1.5447222222222223,2.425,0.13150684931506848
2025-11-28 18:00:00+00:00,2026-01-16 00:00:00+00:00,GTLB,GTLB260116P00040000,put,False,40.0,2.95,3.9,3.6,40.56999969482422,0.6586948193359375,0.03630299948180115,0.0,5.0,0,2025-11-26 20:50:20+00:00,45.16111111111111,3.425,0.13150684931506848
2025-11-28 18:00:00+00:00,2026-01-16 00:00:00+00:00,GTLB,GTLB260116P00042500,put,True,42.5,4.6,5.0,5.21,40.56999969482422,0.6564975756835938,0.03630299948180115,0.0,2.0,0,2025-11-28 14:34:26+00:00,3.426111111111111,4.8,0.13150684931506848
2025-11-28 18:00:00+00:00,2026-01-16 00:00:00+00:00,GTLB,GTLB260116P00045000,put,True,45.0,6.2,6.7,6.4,40.56999969482422,0.6613803393554689,0.03630299948180115,0.0,1.0,1136,2025-11-28 14:59:00+00:00,3.0166666666666666,6.45,0.13150684931506848
2025-11-28 18:00:00+00:00,2026-01-16 00:00:00+00:00,GTLB,GTLB260116P00047500,put,True,47.5,7.8,8.6,7.66,40.56999969482422,0.648441015625,0.03630299948180115,0.0,3.0,1015,2025-11-24 19:18:45+00:00,94.6875,8.2,0.13150684931506848
2025-11-28 18:00:00+00:00,2026-01-16 00:00:00+00:00,GTLB,GTLB260116P00050000,put,True,50.0,9.4,10.5,10.8,40.56999969482422,0.5954630297851562,0.03630299948180115,0.0,16.0,0,2025-11-25 19:03:16+00:00,70.94555555555556,9.95,0.13150684931506848
2025-11-28 18:00:00+00:00,2026-01-16 00:00:00+00:00,GTLB,GTLB260116P00052500,put,True,52.5,10.7,14.2,7.3,40.56999969482422,0.6796907031250001,0.03630299948180115,0.0,9.0,288,2025-11-04 15:18:47+00:00,578.6869444444444,12.45,0.13150684931506848
2025-11-28 18:00:00+00:00,2026-01-16 00:00:00+00:00,GTLB,GTLB260116P00055000,put,True,55.0,13.7,16.1,14.82,40.56999969482422,0.7436549072265625,0.03630299948180115,0.0,1.0,379,2025-11-26 19:48:37+00:00,46.18972222222222,14.9,0.13150684931506848
2025-11-28 18:00:00+00:00,2026-01-16 00:00:00+00:00,GTLB,GTLB260116P00057500,put,True,57.5,16.0,18.4,12.1,40.56999969482422,0.7583031982421876,0.03630299948180115,0.0,5.0,124,2025-10-20 16:36:14+00:00,937.3961111111112,17.2,0.13150684931506848
2025-11-28 18:00:00+00:00,2026-01-16 00:00:00+00:00,GTLB,GTLB260116P00060000,put,True,60.0,17.7,21.0,17.4,40.56999969482422,0.702151416015625,0.03630299948180115,0.0,10.0,138,2025-11-20 17:46:57+00:00,192.2175,19.35,0.13150684931506848
2025-11-28 18:00:00+00:00,2026-01-16 00:00:00+00:00,GTLB,GTLB260116P00062500,put,True,62.5,17.7,20.2,18.4,40.56999969482422,1.0000000000000003e-05,0.03630299948180115,0.0,1.0,409,2025-10-01 13:54:50+00:00,1396.0861111111112,18.95,0.13150684931506848
2025-11-28 18:00:00+00:00,2026-01-16 00:00:00+00:00,GTLB,GTLB260116P00065000,put,True,65.0,23.6,25.9,17.17,40.56999969482422,0.9511723632812499,0.03630299948180115,0.0,6.0,0,2025-10-29 15:54:47+00:00,722.0869444444445,24.75,0.13150684931506848
2025-11-28 18:00:00+00:00,2026-01-16 00:00:00+00:00,GTLB,GTLB260116P00067500,put,True,67.5,0.0,0.0,22.75,40.56999969482422,1.0000000000000003e-05,0.03630299948180115,0.0,1.0,2,2025-08-25 15:00:03+00:00,2282.9991666666665,0.0,0.13150684931506848
2025-11-28 18:00:00+00:00,2026-01-16 00:00:00+00:00,GTLB,GTLB260116P00070000,put,True,70.0,25.0,27.3,20.1,40.56999969482422,1.0000000000000003e-05,0.03630299948180115,0.0,1.0,224,2025-09-18 14:07:41+00:00,1707.8719444444444,26.15,0.13150684931506848
2025-11-28 18:00:00+00:00,2026-01-16 00:00:00+00:00,GTLB,GTLB260116P00072500,put,True,72.5,25.7,26.2,29.9,40.56999969482422,1.0000000000000003e-05,0.03630299948180115,0.0,30.0,36,2025-09-04 15:39:23+00:00,2042.3436111111112,25.95,0.13150684931506848
2025-11-28 18:00:00+00:00,2026-01-16 00:00:00+00:00,GTLB,GTLB260116P00075000,put,True,75.0,32.0,35.8,30.71,40.56999969482422,1.4384793701171876,0.03630299948180115,0.0,13.0,5,2025-11-07 18:40:03+00:00,503.3325,33.9,0.13150684931506848
2025-11-28 18:00:00+00:00,2026-01-16 00:00:00+00:00,GTLB,GTLB260116P00077500,put,True,77.5,22.5,24.2,15.1,40.56999969482422,1.0000000000000003e-05,0.03630299948180115,0.0,,323,2025-02-05 19:37:56+00:00,7102.3677777777775,23.35,0.13150684931506848
2025-11-28 18:00:00+00:00,2026-01-16 00:00:00+00:00,GTLB,GTLB260116P00080000,put,True,80.0,37.1,40.8,30.4,40.56999969482422,0.648441015625,0.03630299948180115,0.0,12.0,0,2025-10-21 14:31:06+00:00,915.4816666666667,38.95,0.13150684931506848
2025-11-28 18:00:00+00:00,2026-01-16 00:00:00+00:00,GTLB,GTLB260116P00085000,put,True,85.0,37.6,38.7,42.1,40.56999969482422,1.0000000000000003e-05,0.03630299948180115,0.0,2.0,0,2025-09-04 19:31:46+00:00,2038.4705555555556,38.150000000000006,0.13150684931506848
2025-11-28 18:00:00+00:00,2026-01-16 00:00:00+00:00,GTLB,GTLB260116P00090000,put,True,90.0,43.5,47.7,40.7,40.56999969482422,1.0000000000000003e-05,0.03630299948180115,0.0,1.0,0,2025-09-22 14:02:44+00:00,1611.9544444444443,45.6,0.13150684931506848
2025-11-28 18:00:00+00:00,2026-02-20 00:00:00+00:00,GTLB,GTLB260220C00030000,call,True,30.0,10.7,13.7,13.0,40.56999969482422,0.7045927978515626,0.03630299948180115,0.0,,0,2025-11-20 15:06:32+00:00,194.89111111111112,12.2,0.2273972602739726
2025-11-28 18:00:00+00:00,2026-02-20 00:00:00+00:00,GTLB,GTLB260220C00032500,call,True,32.5,9.5,11.0,10.36,40.56999969482422,0.684573466796875,0.03630299948180115,0.0,2.0,14,2025-11-28 14:47:22+00:00,3.2105555555555556,10.25,0.2273972602739726
2025-11-28 18:00:00+00:00,2026-02-20 00:00:00+00:00,GTLB,GTLB260220C00035000,call,True,35.0,7.8,9.3,8.29,40.56999969482422,0.6792024267578126,0.03630299948180115,0.0,1.0,1,2025-11-25 15:02:27+00:00,74.95916666666666,8.55,0.2273972602739726
2025-11-28 18:00:00+00:00,2026-02-20 00:00:00+00:00,GTLB,GTLB260220C00040000,call,True,40.0,5.5,6.2,5.7,40.56999969482422,0.6826203613281252,0.03630299948180115,0.0,1.0,0,2025-11-28 14:32:20+00:00,3.4611111111111112,5.85,0.2273972602739726
2025-11-28 18:00:00+00:00,2026-02-20 00:00:00+00:00,GTLB,GTLB260220C00042500,call,False,42.5,4.4,4.9,4.8,40.56999969482422,0.6667513793945314,0.03630299948180115,0.0,4.0,11,2025-11-28 16:14:08+00:00,1.7644444444444445,4.65,0.2273972602739726
2025-11-28 18:00:00+00:00,2026-02-20 00:00:00+00:00,GTLB,GTLB260220C00045000,call,False,45.0,3.3,4.0,3.6,40.56999969482422,0.6540561938476563,0.03630299948180115,0.0,39.0,258,2025-11-26 19:56:19+00:00,46.06138888888889,3.65,0.2273972602739726
2025-11-28 18:00:00+00:00,2026-02-20 00:00:00+00:00,GTLB,GTLB260220C00047500,call,False,47.5,2.4,3.1,3.3,40.56999969482422,0.6330603100585939,0.03630299948180115,0.0,56.0,0,2025-11-24 20:05:02+00:00,93.9161111111111,2.75,0.2273972602739726
2025-11-28 18:00:00+00:00,2026-02-20 00:00:00+00:00,GTLB,GTLB260220C00050000,call,False,50.0,2.0,2.45,2.25,40.56999969482422,0.6430699755859376,0.03630299948180115,0.0,1.0,0,2025-11-25 20:20:54+00:00,69.65166666666667,2.225,0.2273972602739726
2025-11-28 18:00:00+00:00,2026-02-20 00:00:00+00:00,GTLB,GTLB260220C00052500,call,False,52.5,1.4,1.9,1.73,40.56999969482422,0.6284216845703126,0.03630299948180115,0.0,4.0,18,2025-11-28 17:16:03+00:00,0.7325,1.65,0.2273972602739726
2025-11-28 18:00:00+00:00,2026-02-20 00:00:00+00:00,GTLB,GTLB260220C00055000,call,False,55.0,1.05,1.55,1.64,40.56999969482422,0.6325720336914062,0.03630299948180115,0.0,286.0,363,2025-11-21 16:28:32+00:00,169.52444444444444,1.3,0.2273972602739726
2025-11-28 18:00:00+00:00,2026-02-20 00:00:00+00:00,GTLB,GTLB260220C00060000,call,False,60.0,0.15,1.1,0.7,40.56999969482422,0.5971719970703125,0.03630299948180115,0.0,1.0,7,2025-11-25 20:49:20+00:00,69.17777777777778,0.625,0.2273972602739726
2025-11-28 18:00:00+00:00,2026-02-20 00:00:00+00:00,GTLB,GTLB260220C00065000,call,False,65.0,0.05,0.8,1.15,40.56999969482422,0.6235389208984375,0.03630299948180115,0.0,,6,2025-11-12 19:08:31+00:00,382.85805555555555,0.42500000000000004,0.2273972602739726
2025-11-28 18:00:00+00:00,2026-02-20 00:00:00+00:00,GTLB,GTLB260220P00030000,put,False,30.0,0.7,1.25,1.07,40.56999969482422,0.6660189648437502,0.03630299948180115,0.0,7.0,0,2025-11-26 17:30:49+00:00,48.48638888888889,0.975,0.2273972602739726
2025-11-28 18:00:00+00:00,2026-02-20 00:00:00+00:00,GTLB,GTLB260220P00032500,put,False,32.5,1.3,1.6,1.45,40.56999969482422,0.639652041015625,0.03630299948180115,0.0,10.0,40,2025-11-28 15:43:56+00:00,2.267777777777778,1.4500000000000002,0.2273972602739726
2025-11-28 18:00:00+00:00,2026-02-20 00:00:00+00:00,GTLB,GTLB260220P00035000,put,False,35.0,1.95,2.35,2.15,40.56999969482422,0.6254920263671876,0.03630299948180115,0.0,1.0,3,2025-11-24 18:22:32+00:00,95.62444444444445,2.15,0.2273972602739726
2025-11-28 18:00:00+00:00,2026-02-20 00:00:00+00:00,GTLB,GTLB260220P00037500,put,False,37.5,2.8,3.3,3.3,40.56999969482422,0.6127968408203126,0.03630299948180115,0.0,4.0,0,2025-11-26 20:50:39+00:00,45.155833333333334,3.05,0.2273972602739726
2025-11-28 18:00:00+00:00,2026-02-20 00:00:00+00:00,GTLB,GTLB260220P00040000,put,False,40.0,3.9,4.5,4.6,40.56999969482422,0.6059609716796877,0.03630299948180115,0.0,10.0,48,2025-11-26 16:07:23+00:00,49.87694444444445,4.2,0.2273972602739726
2025-11-28 18:00:00+00:00,2026-02-20 00:00:00+00:00,GTLB,GTLB260220P00042500,put,True,42.5,5.1,5.8,4.8,40.56999969482422,0.5856975024414062,0.03630299948180115,0.0,,40,2025-11-18 18:46:23+00:00,239.22694444444446,5.449999999999999,0.2273972602739726
2025-11-28 18:00:00+00:00,2026-02-20 00:00:00+00:00,GTLB,GTLB260220P00045000,put,True,45.0,6.8,7.4,7.5,40.56999969482422,0.5915568188476563,0.03630299948180115,0.0,200.0,0,2025-11-21 18:27:38+00:00,167.53944444444446,7.1,0.2273972602739726
2025-11-28 18:00:00+00:00,2026-02-20 00:00:00+00:00,GTLB,GTLB260220P00055000,put,True,55.0,13.6,16.5,13.35,40.56999969482422,0.5986368261718751,0.03630299948180115,0.0,,10,2025-11-20 17:46:57+00:00,192.2175,15.05,0.2273972602739726
2025-11-28 18:00:00+00:00,2026-02-20 00:00:00+00:00,GTLB,GTLB260220P00060000,put,True,60.0,18.1,21.0,17.65,40.56999969482422,0.5937540625000001,0.03630299948180115,0.0,,10,2025-11-20 17:46:57+00:00,192.2175,19.55,0.2273972602739726
2025-11-28 18:00:00+00:00,2026-03-20 00:00:00+00:00,GTLB,GTLB260320C00020000,call,True,20.0,20.1,22.7,29.4,40.56999969482422,0.8330094824218748,0.03630299948180115,0.0,2.0,3,2025-10-31 19:52:57+00:00,670.1175,21.4,0.3041095890410959
2025-11-28 18:00:00+00:00,2026-03-20 00:00:00+00:00,GTLB,GTLB260320C00022500,call,True,22.5,0.0,0.0,26.9,40.56999969482422,1.0000000000000003e-05,0.03630299948180115,0.0,,25,2025-07-28 15:39:24+00:00,2954.3433333333332,0.0,0.3041095890410959
2025-11-28 18:00:00+00:00,2026-03-20 00:00:00+00:00,GTLB,GTLB260320C00025000,call,True,25.0,15.6,18.2,19.8,40.56999969482422,0.7739280419921876,0.03630299948180115,0.0,2.0,0,2025-11-13 20:25:24+00:00,357.57666666666665,16.9,0.3041095890410959
2025-11-28 18:00:00+00:00,2026-03-20 00:00:00+00:00,GTLB,GTLB260320C00027500,call,True,27.5,13.5,15.8,22.8,40.56999969482422,0.7163114306640624,0.03630299948180115,0.0,25.0,16,2025-11-04 14:43:28+00:00,579.2755555555556,14.65,0.3041095890410959
2025-11-28 18:00:00+00:00,2026-03-20 00:00:00+00:00,GTLB,GTLB260320C00030000,call,True,30.0,11.9,14.1,12.86,40.56999969482422,0.7585473364257813,0.03630299948180115,0.0,2.0,35,2025-11-28 14:47:22+00:00,3.2105555555555556,13.0,0.3041095890410959
2025-11-28 18:00:00+00:00,2026-03-20 00:00:00+00:00,GTLB,GTLB260320C00032500,call,True,32.5,10.9,11.6,11.3,40.56999969482422,0.7468287036132812,0.03630299948180115,0.0,90.0,50,2025-11-28 17:55:39+00:00,0.0725,11.25,0.3041095890410959
2025-11-28 18:00:00+00:00,2026-03-20 00:00:00+00:00,GTLB,GTLB260320C00035000,call,True,35.0,8.5,10.2,9.3,40.56999969482422,0.6958038232421876,0.03630299948180115,0.0,1.0,265,2025-11-26 20:26:26+00:00,45.559444444444445,9.35,0.3041095890410959
2025-11-28 18:00:00+00:00,2026-03-20 00:00:00+00:00,GTLB,GTLB260320C00037500,call,True,37.5,7.4,8.8,9.9,40.56999969482422,0.7111845288085938,0.03630299948180115,0.0,10.0,29,2025-11-19 19:52:55+00:00,214.11805555555554,8.100000000000001,0.3041095890410959
2025-11-28 18:00:00+00:00,2026-03-20 00:00:00+00:00,GTLB,GTLB260320C00040000,call,True,40.0,6.6,7.2,6.9,40.56999969482422,0.7110624597167969,0.03630299948180115,0.0,53.0,129,2025-11-28 17:59:50+00:00,0.002777777777777778,6.9,0.3041095890410959
2025-11-28 18:00:00+00:00,2026-03-20 00:00:00+00:00,GTLB,GTLB260320C00042500,call,False,42.5,4.8,6.0,5.6,40.56999969482422,0.6606479248046876,0.03630299948180115,0.0,2.0,258,2025-11-26 17:32:31+00:00,48.45805555555555,5.4,0.3041095890410959
2025-11-28 18:00:00+00:00,2026-03-20 00:00:00+00:00,GTLB,GTLB260320C00045000,call,False,45.0,4.2,4.8,4.5,40.56999969482422,0.6608920629882813,0.03630299948180115,0.0,504.0,2267,2025-11-28 17:41:27+00:00,0.30916666666666665,4.5,0.3041095890410959
2025-11-28 18:00:00+00:00,2026-03-20 00:00:00+00:00,GTLB,GTLB260320C00047500,call,False,47.5,3.0,4.0,3.6,40.56999969482422,0.6345251391601563,0.03630299948180115,0.0,8.0,0,2025-11-26 18:00:02+00:00,47.99944444444444,3.5,0.3041095890410959
2025-11-28 18:00:00+00:00,2026-03-20 00:00:00+00:00,GTLB,GTLB260320C00050000,call,False,50.0,2.75,3.4,3.1,40.56999969482422,0.659183095703125,0.03630299948180115,0.0,22.0,2893,2025-11-28 16:49:26+00:00,1.176111111111111,3.075,0.3041095890410959
2025-11-28 18:00:00+00:00,2026-03-20 00:00:00+00:00,GTLB,GTLB260320C00052500,call,False,52.5,1.7,2.7,2.4,40.56999969482422,0.6171913281250001,0.03630299948180115,0.0,38.0,0,2025-11-26 15:08:43+00:00,50.85472222222222,2.2,0.3041095890410959
2025-11-28 18:00:00+00:00,2026-03-20 00:00:00+00:00,GTLB,GTLB260320C00055000,call,False,55.0,1.25,2.3,1.95,40.56999969482422,0.6171913281250001,0.03630299948180115,0.0,3.0,214,2025-11-26 18:11:21+00:00,47.810833333333335,1.775,0.3041095890410959
2025-11-28 18:00:00+00:00,2026-03-20 00:00:00+00:00,GTLB,GTLB260320C00057500,call,False,57.5,0.85,1.95,1.5,40.56999969482422,0.6127968408203126,0.03630299948180115,0.0,4.0,123,2025-11-26 17:49:56+00:00,48.16777777777778,1.4,0.3041095890410959
2025-11-28 18:00:00+00:00,2026-03-20 00:00:00+00:00,GTLB,GTLB260320C00060000,call,False,60.0,1.3,1.5,1.29,40.56999969482422,0.65820654296875,0.03630299948180115,0.0,1.0,0,2025-11-28 16:02:11+00:00,1.9636111111111112,1.4,0.3041095890410959
2025-11-28 18:00:00+00:00,2026-03-20 00:00:00+00:00,GTLB,GTLB260320C00062500,call,False,62.5,0.4,1.65,1.05,40.56999969482422,0.6367223828125,0.03630299948180115,0.0,8.0,239,2025-11-21 18:27:38+00:00,167.53944444444446,1.025,0.3041095890410959
2025-11-28 18:00:00+00:00,2026-03-20 00:00:00+00:00,GTLB,GTLB260320C00065000,call,False,65.0,0.45,1.0,1.3,40.56999969482422,0.614261669921875,0.03630299948180115,0.0,5.0,284,2025-11-20 15:17:18+00:00,194.71166666666667,0.725,0.3041095890410959
2025-11-28 18:00:00+00:00,2026-03-20 00:00:00+00:00,GTLB,GTLB260320C00070000,call,False,70.0,0.3,1.0,0.8,40.56999969482422,0.6635775830078127,0.03630299948180115,0.0,34.0,2011,2025-11-20 19:28:03+00:00,190.5325,0.65,0.3041095890410959
2025-11-28 18:00:00+00:00,2026-03-20 00:00:00+00:00,GTLB,GTLB260320C00075000,call,False,75.0,0.2,0.9,0.43,40.56999969482422,0.6967803759765626,0.03630299948180115,0.0,4.0,420,2025-11-26 14:56:09+00:00,51.064166666666665,0.55,0.3041095890410959
2025-11-28 18:00:00+00:00,2026-03-20 00:00:00+00:00,GTLB,GTLB260320P00020000,put,False,20.0,0.0,0.25,0.2,40.56999969482422,0.6875031250000001,0.03630299948180115,0.0,1.0,0,2025-10-27 13:30:04+00:00,772.4988888888889,0.125,0.3041095890410959
2025-11-28 18:00:00+00:00,2026-03-20 00:00:00+00:00,GTLB,GTLB260320P00022500,put,False,22.5,0.1,0.75,0.25,40.56999969482422,0.752932158203125,0.03630299948180115,0.0,5.0,8,2025-10-24 18:59:35+00:00,839.0069444444445,0.425,0.3041095890410959
2025-11-28 18:00:00+00:00,2026-03-20 00:00:00+00:00,GTLB,GTLB260320P00025000,put,False,25.0,0.3,1.2,0.5,40.56999969482422,0.7480493945312501,0.03630299948180115,0.0,1.0,25,2025-11-26 15:56:35+00:00,50.05694444444445,0.75,0.3041095890410959
2025-11-28 18:00:00+00:00,2026-03-20 00:00:00+00:00,GTLB,GTLB260320P00027500,put,False,27.5,0.25,2.85,0.58,40.56999969482422,0.8149432568359375,0.03630299948180115,0.0,5.0,5,2025-09-12 17:20:25+00:00,1848.6597222222222,1.55,0.3041095890410959
2025-11-28 18:00:00+00:00,2026-03-20 00:00:00+00:00,GTLB,GTLB260320P00030000,put,False,30.0,1.15,1.75,1.46,40.56999969482422,0.6709017285156251,0.03630299948180115,0.0,3.0,105,2025-11-28 17:17:31+00:00,0.7080555555555555,1.45,0.3041095890410959
2025-11-28 18:00:00+00:00,2026-03-20 00:00:00+00:00,GTLB,GTLB260320P00032500,put,False,32.5,1.75,2.9,2.45,40.56999969482422,0.6926300268554688,0.03630299948180115,0.0,1.0,254,2025-11-26 15:30:37+00:00,50.48972222222222,2.325,0.3041095890410959
2025-11-28 18:00:00+00:00,2026-03-20 00:00:00+00:00,GTLB,GTLB260320P00035000,put,False,35.0,2.45,3.1,3.0,40.56999969482422,0.6274451318359376,0.03630299948180115,0.0,1.0,0,2025-11-26 20:23:28+00:00,45.60888888888889,2.7750000000000004,0.3041095890410959
2025-11-28 18:00:00+00:00,2026-03-20 00:00:00+00:00,GTLB,GTLB260320P00037500,put,False,37.5,3.5,4.1,4.0,40.56999969482422,0.6223182299804688,0.03630299948180115,0.0,7.0,225,2025-11-24 18:42:06+00:00,95.29833333333333,3.8,0.3041095890410959
2025-11-28 18:00:00+00:00,2026-03-20 00:00:00+00:00,GTLB,GTLB260320P00040000,put,False,40.0,4.6,5.1,5.47,40.56999969482422,0.5991251025390626,0.03630299948180115,0.0,51.0,982,2025-11-26 16:32:52+00:00,49.452222222222225,4.85,0.3041095890410959
2025-11-28 18:00:00+00:00,2026-03-20 00:00:00+00:00,GTLB,GTLB260320P00042500,put,True,42.5,5.9,7.4,5.7,40.56999969482422,0.6398961791992188,0.03630299948180115,0.0,4.0,2425,2025-11-17 18:03:10+00:00,263.9472222222222,6.65,0.3041095890410959
2025-11-28 18:00:00+00:00,2026-03-20 00:00:00+00:00,GTLB,GTLB260320P00045000,put,True,45.0,7.3,8.1,7.9,40.56999969482422,0.5795940478515625,0.03630299948180115,0.0,2.0,0,2025-11-21 15:12:25+00:00,170.79305555555555,7.699999999999999,0.3041095890410959
2025-11-28 18:00:00+00:00,2026-03-20 00:00:00+00:00,GTLB,GTLB260320P00047500,put,True,47.5,9.0,10.0,8.65,40.56999969482422,0.5847209497070311,0.03630299948180115,0.0,2.0,168,2025-11-17 20:01:46+00:00,261.97055555555556,9.5,0.3041095890410959
2025-11-28 18:00:00+00:00,2026-03-20 00:00:00+00:00,GTLB,GTLB260320P00050000,put,True,50.0,10.7,11.8,11.48,40.56999969482422,0.5681195532226562,0.03630299948180115,0.0,3.0,309,2025-11-26 19:53:25+00:00,46.109722222222224,11.25,0.3041095890410959
2025-11-28 18:00:00+00:00,2026-03-20 00:00:00+00:00,GTLB,GTLB260320P00052500,put,True,52.5,12.6,14.5,11.6,40.56999969482422,0.6059609716796877,0.03630299948180115,0.0,16.0,188,2025-11-18 20:27:02+00:00,237.54944444444445,13.55,0.3041095890410959
2025-11-28 18:00:00+00:00,2026-03-20 00:00:00+00:00,GTLB,GTLB260320P00055000,put,True,55.0,14.7,15.8,11.67,40.56999969482422,0.5502974658203126,0.03630299948180115,0.0,1.0,116,2025-11-12 19:51:21+00:00,382.14416666666665,15.25,0.3041095890410959
2025-11-28 18:00:00+00:00,2026-03-20 00:00:00+00:00,GTLB,GTLB260320P00057500,put,True,57.5,14.5,15.4,14.0,40.56999969482422,1.0000000000000003e-05,0.03630299948180115,0.0,12.0,38,2025-10-07 19:44:16+00:00,1246.2622222222221,14.95,0.3041095890410959
2025-11-28 18:00:00+00:00,2026-03-20 00:00:00+00:00,GTLB,GTLB260320P00060000,put,True,60.0,16.5,17.6,16.0,40.56999969482422,1.0000000000000003e-05,0.03630299948180115,0.0,2.0,36,2025-10-08 15:32:44+00:00,1226.4544444444443,17.05,0.3041095890410959
2025-11-28 18:00:00+00:00,2026-03-20 00:00:00+00:00,GTLB,GTLB260320P00065000,put,True,65.0,20.8,23.1,23.0,40.56999969482422,1.0000000000000003e-05,0.03630299948180115,0.0,3.0,2,2025-10-16 16:48:59+00:00,1033.183611111111,21.950000000000003,0.3041095890410959
2025-11-28 18:00:00+00:00,2026-03-20 00:00:00+00:00,GTLB,GTLB260320P00070000,put,True,70.0,25.3,28.1,22.09,40.56999969482422,1.0000000000000003e-05,0.03630299948180115,0.0,4.0,7,2025-09-11 15:17:45+00:00,1874.7041666666667,26.700000000000003,0.3041095890410959
2025-11-28 18:00:00+00:00,2026-04-17 00:00:00+00:00,GTLB,GTLB260417C00025000,call,True,25.0,18.9,22.2,23.05,40.56999969482422,1.3667023852539062,0.03630299948180115,0.0,15.0,13,2025-10-06 14:06:12+00:00,1275.8966666666668,20.549999999999997,0.38082191780821917
2025-11-28 18:00:00+00:00,2026-04-17 00:00:00+00:00,GTLB,GTLB260417C00030000,call,True,30.0,12.1,14.3,13.51,40.56999969482422,0.7097196997070312,0.03630299948180115,0.0,10.0,120,2025-11-21 16:58:17+00:00,169.0286111111111,13.2,0.38082191780821917
2025-11-28 18:00:00+00:00,2026-04-17 00:00:00+00:00,GTLB,GTLB260417C00032500,call,True,32.5,12.5,16.5,19.85,40.56999969482422,1.0795944458007813,0.03630299948180115,0.0,1.0,4,2025-09-19 19:12:50+00:00,1678.786111111111,14.5,0.38082191780821917
2025-11-28 18:00:00+00:00,2026-04-17 00:00:00+00:00,GTLB,GTLB260417C00035000,call,True,35.0,9.1,10.6,13.48,40.56999969482422,0.6816438085937502,0.03630299948180115,0.0,1.0,26,2025-11-07 20:45:43+00:00,501.23805555555555,9.85,0.38082191780821917
2025-11-28 18:00:00+00:00,2026-04-17 00:00:00+00:00,GTLB,GTLB260417C00037500,call,True,37.5,7.6,9.2,10.2,40.56999969482422,0.6689486230468751,0.03630299948180115,0.0,1.0,77,2025-11-17 15:13:33+00:00,266.77416666666664,8.399999999999999,0.38082191780821917
2025-11-28 18:00:00+00:00,2026-04-17 00:00:00+00:00,GTLB,GTLB260417C00040000,call,True,40.0,6.3,7.7,7.1,40.56999969482422,0.6467320483398438,0.03630299948180115,0.0,70.0,0,2025-11-26 20:14:31+00:00,45.75805555555556,7.0,0.38082191780821917
2025-11-28 18:00:00+00:00,2026-04-17 00:00:00+00:00,GTLB,GTLB260417C00042500,call,False,42.5,5.6,6.4,6.2,40.56999969482422,0.6506382592773439,0.03630299948180115,0.0,2.0,0,2025-11-28 16:10:07+00:00,1.831388888888889,6.0,0.38082191780821917
2025-11-28 18:00:00+00:00,2026-04-17 00:00:00+00:00,GTLB,GTLB260417C00045000,call,False,45.0,4.2,5.5,5.0,40.56999969482422,0.6262244409179689,0.03630299948180115,0.0,9.0,0,2025-11-26 18:43:33+00:00,47.274166666666666,4.85,0.38082191780821917
2025-11-28 18:00:00+00:00,2026-04-17 00:00:00+00:00,GTLB,GTLB260417C00047500,call,False,47.5,4.0,4.7,5.2,40.56999969482422,0.6532017102050782,0.03630299948180115,0.0,4.0,35,2025-11-20 19:43:50+00:00,190.26944444444445,4.35,0.38082191780821917
2025-11-28 18:00:00+00:00,2026-04-17 00:00:00+00:00,GTLB,GTLB260417C00050000,call,False,50.0,2.7,3.9,4.1,40.56999969482422,0.6135292553710938,0.03630299948180115,0.0,1.0,0,2025-11-24 16:19:26+00:00,97.67611111111111,3.3,0.38082191780821917
2025-11-28 18:00:00+00:00,2026-04-17 00:00:00+00:00,GTLB,GTLB260417C00052500,call,False,52.5,2.1,3.2,3.6,40.56999969482422,0.602787175292969,0.03630299948180115,0.0,2.0,38,2025-11-18 15:17:40+00:00,242.70555555555555,2.6500000000000004,0.38082191780821917
2025-11-28 18:00:00+00:00,2026-04-17 00:00:00+00:00,GTLB,GTLB260417C00055000,call,False,55.0,2.1,2.6,2.33,40.56999969482422,0.6208534008789064,0.03630299948180115,0.0,3.0,0,2025-11-28 15:06:09+00:00,2.8975,2.35,0.38082191780821917
2025-11-28 18:00:00+00:00,2026-04-17 00:00:00+00:00,GTLB,GTLB260417C00057500,call,False,57.5,1.25,2.0,1.8,40.56999969482422,0.5786174951171875,0.03630299948180115,0.0,1.0,48,2025-11-26 17:27:53+00:00,48.53527777777778,1.625,0.38082191780821917
2025-11-28 18:00:00+00:00,2026-04-17 00:00:00+00:00,GTLB,GTLB260417C00060000,call,False,60.0,1.1,1.85,2.7,40.56999969482422,0.5998575170898439,0.03630299948180115,0.0,1.0,0,2025-11-14 20:35:58+00:00,333.40055555555557,1.475,0.38082191780821917
2025-11-28 18:00:00+00:00,2026-04-17 00:00:00+00:00,GTLB,GTLB260417C00065000,call,False,65.0,0.65,1.3,1.25,40.56999969482422,0.59570716796875,0.03630299948180115,0.0,1.0,119,2025-11-25 16:10:11+00:00,73.83027777777778,0.9750000000000001,0.38082191780821917
2025-11-28 18:00:00+00:00,2026-04-17 00:00:00+00:00,GTLB,GTLB260417C00070000,call,False,70.0,0.4,1.15,1.35,40.56999969482422,0.6201209863281252,0.03630299948180115,0.0,2.0,324,2025-11-05 16:18:40+00:00,553.6888888888889,0.7749999999999999,0.38082191780821917
2025-11-28 18:00:00+00:00,2026-04-17 00:00:00+00:00,GTLB,GTLB260417C00075000,call,False,75.0,0.45,0.95,1.2,40.56999969482422,0.6586948193359375,0.03630299948180115,0.0,3.0,0,2025-11-12 17:51:00+00:00,384.15,0.7,0.38082191780821917
2025-11-28 18:00:00+00:00,2026-04-17 00:00:00+00:00,GTLB,GTLB260417P00022500,put,False,22.5,0.0,2.45,0.32,40.56999969482422,0.9077157666015624,0.03630299948180115,0.0,3.0,3,2025-10-09 16:17:48+00:00,1201.7033333333334,1.225,0.38082191780821917
2025-11-28 18:00:00+00:00,2026-04-17 00:00:00+00:00,GTLB,GTLB260417P00025000,put,False,25.0,0.0,2.7,0.65,40.56999969482422,0.8090839404296875,0.03630299948180115,0.0,1.0,2,2025-10-16 14:40:36+00:00,1035.3233333333333,1.35,0.38082191780821917
2025-11-28 18:00:00+00:00,2026-04-17 00:00:00+00:00,GTLB,GTLB260417P00027500,put,False,27.5,0.85,1.8,0.85,40.56999969482422,0.6875031250000001,0.03630299948180115,0.0,1.0,1,2025-11-10 15:25:17+00:00,434.5786111111111,1.325,0.38082191780821917
2025-11-28 18:00:00+00:00,2026-04-17 00:00:00+00:00,GTLB,GTLB260417P00030000,put,False,30.0,1.35,2.3,1.8,40.56999969482422,0.6611362011718751,0.03630299948180115,0.0,2.0,3,2025-11-26 15:24:03+00:00,50.59916666666667,1.825,0.38082191780821917
2025-11-28 18:00:00+00:00,2026-04-17 00:00:00+00:00,GTLB,GTLB260417P00032500,put,False,32.5,2.05,3.2,2.45,40.56999969482422,0.6601596484375001,0.03630299948180115,0.0,4.0,0,2025-11-26 17:50:00+00:00,48.166666666666664,2.625,0.38082191780821917
2025-11-28 18:00:00+00:00,2026-04-17 00:00:00+00:00,GTLB,GTLB260417P00035000,put,False,35.0,2.85,3.8,3.4,40.56999969482422,0.6272009936523439,0.03630299948180115,0.0,5.0,72,2025-11-26 17:23:11+00:00,48.61361111111111,3.325,0.38082191780821917
2025-11-28 18:00:00+00:00,2026-04-17 00:00:00+00:00,GTLB,GTLB260417P00037500,put,False,37.5,3.8,4.8,4.5,40.56999969482422,0.6109658044433595,0.03630299948180115,0.0,68.0,0,2025-11-26 17:21:04+00:00,48.64888888888889,4.3,0.38082191780821917
2025-11-28 18:00:00+00:00,2026-04-17 00:00:00+00:00,GTLB,GTLB260417P00040000,put,False,40.0,5.0,5.9,5.6,40.56999969482422,0.5971719970703125,0.03630299948180115,0.0,4.0,0,2025-11-24 15:50:02+00:00,98.1661111111111,5.45,0.38082191780821917
2025-11-28 18:00:00+00:00,2026-04-17 00:00:00+00:00,GTLB,GTLB260417P00042500,put,True,42.5,6.3,7.1,6.9,40.56999969482422,0.5778850805664062,0.03630299948180115,0.0,1.0,146,2025-11-24 15:49:32+00:00,98.17444444444445,6.699999999999999,0.38082191780821917
2025-11-28 18:00:00+00:00,2026-04-17 00:00:00+00:00,GTLB,GTLB260417P00045000,put,True,45.0,7.8,8.5,8.3,40.56999969482422,0.5632367895507813,0.03630299948180115,0.0,8.0,106,2025-11-24 16:01:48+00:00,97.97,8.15,0.38082191780821917
2025-11-28 18:00:00+00:00,2026-04-17 00:00:00+00:00,GTLB,GTLB260417P00047500,put,True,47.5,9.4,10.3,8.7,40.56999969482422,0.5590864404296876,0.03630299948180115,0.0,1.0,0,2025-11-20 15:13:35+00:00,194.7736111111111,9.850000000000001,0.38082191780821917
2025-11-28 18:00:00+00:00,2026-04-17 00:00:00+00:00,GTLB,GTLB260417P00050000,put,True,50.0,11.1,12.0,12.1,40.56999969482422,0.541264353027344,0.03630299948180115,0.0,15.0,67,2025-11-21 16:24:06+00:00,169.59833333333333,11.55,0.38082191780821917
2025-11-28 18:00:00+00:00,2026-04-17 00:00:00+00:00,GTLB,GTLB260417P00052500,put,True,52.5,13.0,14.6,10.5,40.56999969482422,0.5708050732421875,0.03630299948180115,0.0,1.0,22,2025-11-10 15:17:03+00:00,434.7158333333333,13.8,0.38082191780821917
2025-11-28 18:00:00+00:00,2026-04-17 00:00:00+00:00,GTLB,GTLB260417P00055000,put,True,55.0,15.0,16.6,15.3,40.56999969482422,0.5632367895507813,0.03630299948180115,0.0,2.0,70,2025-11-24 15:12:50+00:00,98.78611111111111,15.8,0.38082191780821917
2025-11-28 18:00:00+00:00,2026-04-17 00:00:00+00:00,GTLB,GTLB260417P00057500,put,True,57.5,17.1,18.7,12.0,40.56999969482422,0.5568891967773439,0.03630299948180115,0.0,3.0,12,2025-11-03 19:13:42+00:00,598.7716666666666,17.9,0.38082191780821917
2025-11-28 18:00:00+00:00,2026-06-18 00:00:00+00:00,GTLB,GTLB260618C00020000,call,True,20.0,26.3,27.2,27.92,40.56999969482422,1.6787125439453123,0.03630299948180115,0.0,1.0,8,2025-07-22 15:59:48+00:00,3098.0033333333336,26.75,0.5506849315068493
2025-11-28 18:00:00+00:00,2026-06-18 00:00:00+00:00,GTLB,GTLB260618C00022500,call,True,22.5,24.6,26.9,27.5,40.56999969482422,1.7016616479492188,0.03630299948180115,0.0,,0,2025-08-28 13:31:41+00:00,2212.4719444444445,25.75,0.5506849315068493
2025-11-28 18:00:00+00:00,2026-06-18 00:00:00+00:00,GTLB,GTLB260618C00025000,call,True,25.0,16.6,18.8,21.1,40.56999969482422,0.7236355761718749,0.03630299948180115,0.0,3.0,33,2025-11-18 19:47:13+00:00,238.21305555555554,17.700000000000003,0.5506849315068493
2025-11-28 18:00:00+00:00,2026-06-18 00:00:00+00:00,GTLB,GTLB260618C00027500,call,True,27.5,14.9,17.1,21.55,40.56999969482422,0.7346217944335938,0.03630299948180115,0.0,1.0,5,2025-10-17 14:13:53+00:00,1011.7686111111111,16.0,0.5506849315068493
2025-11-28 18:00:00+00:00,2026-06-18 00:00:00+00:00,GTLB,GTLB260618C00030000,call,True,30.0,13.1,15.3,21.4,40.56999969482422,0.7131376342773439,0.03630299948180115,0.0,1.0,29,2025-10-24 18:31:58+00:00,839.4672222222222,14.2,0.5506849315068493
2025-11-28 18:00:00+00:00,2026-06-18 00:00:00+00:00,GTLB,GTLB260618C00032500,call,True,32.5,11.3,13.5,17.09,40.56999969482422,0.680911394042969,0.03630299948180115,0.0,1.0,53,2025-11-11 20:56:30+00:00,405.05833333333334,12.4,0.5506849315068493
2025-11-28 18:00:00+00:00,2026-06-18 00:00:00+00:00,GTLB,GTLB260618C00035000,call,True,35.0,10.0,11.6,11.4,40.56999969482422,0.6599155102539063,0.03630299948180115,0.0,7.0,45,2025-11-18 14:30:06+00:00,243.49833333333333,10.8,0.5506849315068493
2025-11-28 18:00:00+00:00,2026-06-18 00:00:00+00:00,GTLB,GTLB260618C00037500,call,True,37.5,8.7,10.0,10.1,40.56999969482422,0.6425816992187501,0.03630299948180115,0.0,2.0,7,2025-11-24 20:21:00+00:00,93.65,9.35,0.5506849315068493
2025-11-28 18:00:00+00:00,2026-06-18 00:00:00+00:00,GTLB,GTLB260618C00040000,call,True,40.0,7.4,9.0,8.2,40.56999969482422,0.6411168701171875,0.03630299948180115,0.0,1.0,0,2025-11-28 15:54:17+00:00,2.0952777777777776,8.2,0.5506849315068493
2025-11-28 18:00:00+00:00,2026-06-18 00:00:00+00:00,GTLB,GTLB260618C00042500,call,False,42.5,6.4,7.9,7.3,40.56999969482422,0.6374547973632813,0.03630299948180115,0.0,38.0,0,2025-11-24 16:41:40+00:00,97.30555555555556,7.15,0.5506849315068493
2025-11-28 18:00:00+00:00,2026-06-18 00:00:00+00:00,GTLB,GTLB260618C00045000,call,False,45.0,5.4,6.9,6.34,40.56999969482422,0.6282996154785156,0.03630299948180115,0.0,3.0,0,2025-11-25 17:42:40+00:00,72.28888888888889,6.15,0.5506849315068493
2025-11-28 18:00:00+00:00,2026-06-18 00:00:00+00:00,GTLB,GTLB260618C00047500,call,False,47.5,4.5,6.1,4.8,40.56999969482422,0.6226844372558593,0.03630299948180115,0.0,28.0,309,2025-11-26 16:30:00+00:00,49.5,5.3,0.5506849315068493
2025-11-28 18:00:00+00:00,2026-06-18 00:00:00+00:00,GTLB,GTLB260618C00050000,call,False,50.0,3.7,5.3,4.45,40.56999969482422,0.6130409790039064,0.03630299948180115,0.0,1.0,445,2025-11-25 17:46:02+00:00,72.23277777777778,4.5,0.5506849315068493
2025-11-28 18:00:00+00:00,2026-06-18 00:00:00+00:00,GTLB,GTLB260618C00052500,call,False,52.5,3.1,4.7,4.05,40.56999969482422,0.6125527026367189,0.03630299948180115,0.0,2.0,0,2025-11-25 20:25:46+00:00,69.57055555555556,3.9000000000000004,0.5506849315068493
2025-11-28 18:00:00+00:00,2026-06-18 00:00:00+00:00,GTLB,GTLB260618C00055000,call,False,55.0,2.55,4.1,4.5,40.56999969482422,0.6074258007812501,0.03630299948180115,0.0,12.0,0,2025-11-17 18:11:47+00:00,263.80361111111114,3.3249999999999997,0.5506849315068493
2025-11-28 18:00:00+00:00,2026-06-18 00:00:00+00:00,GTLB,GTLB260618C00057500,call,False,57.5,2.2,3.7,5.45,40.56999969482422,0.6141396008300781,0.03630299948180115,0.0,1.0,75,2025-10-23 14:19:36+00:00,867.6733333333333,2.95,0.5506849315068493
2025-11-28 18:00:00+00:00,2026-06-18 00:00:00+00:00,GTLB,GTLB260618C00060000,call,False,60.0,1.7,2.85,2.25,40.56999969482422,0.5858195715332031,0.03630299948180115,0.0,4.0,399,2025-11-26 20:17:48+00:00,45.70333333333333,2.275,0.5506849315068493
2025-11-28 18:00:00+00:00,2026-06-18 00:00:00+00:00,GTLB,GTLB260618C00062500,call,False,62.5,2.1,3.4,5.6,40.56999969482422,0.667239655761719,0.03630299948180115,0.0,1.0,53,2025-09-23 17:54:58+00:00,1584.0838888888889,2.75,0.5506849315068493
2025-11-28 18:00:00+00:00,2026-06-18 00:00:00+00:00,GTLB,GTLB260618C00065000,call,False,65.0,1.4,2.4,2.71,40.56999969482422,0.6110878735351564,0.03630299948180115,0.0,98.0,0,2025-11-13 15:21:36+00:00,362.64,1.9,0.5506849315068493
2025-11-28 18:00:00+00:00,2026-06-18 00:00:00+00:00,GTLB,GTLB260618C00067500,call,False,67.5,0.9,2.0,3.1,40.56999969482422,0.586918193359375,0.03630299948180115,0.0,5.0,0,2025-10-31 19:50:02+00:00,670.1661111111111,1.45,0.5506849315068493
2025-11-28 18:00:00+00:00,2026-06-18 00:00:00+00:00,GTLB,GTLB260618C00070000,call,False,70.0,0.95,1.75,1.39,40.56999969482422,0.6005899316406251,0.03630299948180115,0.0,1052.0,2181,2025-11-28 15:42:12+00:00,2.296666666666667,1.35,0.5506849315068493
2025-11-28 18:00:00+00:00,2026-06-18 00:00:00+00:00,GTLB,GTLB260618C00072500,call,False,72.5,0.6,1.8,2.25,40.56999969482422,0.6052285571289064,0.03630299948180115,0.0,1.0,85,2025-10-29 17:35:50+00:00,720.4027777777778,1.2,0.5506849315068493
2025-11-28 18:00:00+00:00,2026-06-18 00:00:00+00:00,GTLB,GTLB260618C00075000,call,False,75.0,0.65,1.1,0.89,40.56999969482422,0.579105771484375,0.03630299948180115,0.0,17.0,0,2025-11-28 17:59:00+00:00,0.016666666666666666,0.875,0.5506849315068493
2025-11-28 18:00:00+00:00,2026-06-18 00:00:00+00:00,GTLB,GTLB260618C00077500,call,False,77.5,0.35,1.45,1.3,40.56999969482422,0.6049844189453126,0.03630299948180115,0.0,1.0,68,2025-11-19 17:56:39+00:00,216.05583333333334,0.8999999999999999,0.5506849315068493
2025-11-28 18:00:00+00:00,2026-06-18 00:00:00+00:00,GTLB,GTLB260618C00080000,call,False,80.0,0.3,1.15,0.8,40.56999969482422,0.594730615234375,0.03630299948180115,0.0,852.0,1029,2025-11-28 15:42:07+00:00,2.2980555555555555,0.725,0.5506849315068493
2025-11-28 18:00:00+00:00,2026-06-18 00:00:00+00:00,GTLB,GTLB260618C00085000,call,False,85.0,0.15,1.1,0.62,40.56999969482422,0.6123085644531252,0.03630299948180115,0.0,200.0,0,2025-11-28 15:42:12+00:00,2.296666666666667,0.625,0.5506849315068493
2025-11-28 18:00:00+00:00,2026-06-18 00:00:00+00:00,GTLB,GTLB260618C00090000,call,False,90.0,0.1,0.6,0.36,40.56999969482422,0.57812921875,0.03630299948180115,0.0,2.0,38,2025-11-28 17:59:00+00:00,0.016666666666666666,0.35,0.5506849315068493
2025-11-28 18:00:00+00:00,2026-06-18 00:00:00+00:00,GTLB,GTLB260618C00095000,call,False,95.0,0.05,0.8,0.4,40.56999969482422,0.629886513671875,0.03630299948180115,0.0,2.0,50,2025-11-25 18:45:38+00:00,71.23944444444444,0.42500000000000004,0.5506849315068493
2025-11-28 18:00:00+00:00,2026-06-18 00:00:00+00:00,GTLB,GTLB260618C00100000,call,False,100.0,0.1,0.7,0.27,40.56999969482422,0.6513706738281251,0.03630299948180115,0.0,11.0,3369,2025-11-24 17:05:55+00:00,96.90138888888889,0.39999999999999997,0.5506849315068493
2025-11-28 18:00:00+00:00,2026-06-18 00:00:00+00:00,GTLB,GTLB260618C00105000,call,False,105.0,0.0,0.6,0.43,40.56999969482422,0.6455113574218749,0.03630299948180115,0.0,8.0,50,2025-10-29 13:30:11+00:00,724.4969444444445,0.3,0.5506849315068493
2025-11-28 18:00:00+00:00,2026-06-18 00:00:00+00:00,GTLB,GTLB260618P00020000,put,False,20.0,0.0,2.5,0.44,40.56999969482422,0.8789074609374999,0.03630299948180115,0.0,2.0,31,2025-10-16 19:51:37+00:00,1030.1397222222222,1.25,0.5506849315068493
2025-11-28 18:00:00+00:00,2026-06-18 00:00:00+00:00,GTLB,GTLB260618P00022500,put,False,22.5,0.0,1.25,0.55,40.56999969482422,0.6196327099609377,0.03630299948180115,0.0,2.0,20,2025-10-03 18:17:40+00:00,1343.7055555555555,0.625,0.5506849315068493
2025-11-28 18:00:00+00:00,2026-06-18 00:00:00+00:00,GTLB,GTLB260618P00025000,put,False,25.0,0.0,0.95,1.12,40.56999969482422,0.5998575170898439,0.03630299948180115,0.0,115.0,141,2025-09-05 13:51:04+00:00,2020.148888888889,0.475,0.5506849315068493
2025-11-28 18:00:00+00:00,2026-06-18 00:00:00+00:00,GTLB,GTLB260618P00027500,put,False,27.5,0.95,2.05,1.32,40.56999969482422,0.6003457934570313,0.03630299948180115,0.0,1.0,128,2025-10-09 14:29:25+00:00,1203.5097222222223,1.5,0.5506849315068493
2025-11-28 18:00:00+00:00,2026-06-18 00:00:00+00:00,GTLB,GTLB260618P00030000,put,False,30.0,2.0,3.1,2.55,40.56999969482422,0.6425816992187501,0.03630299948180115,0.0,3.0,253,2025-11-25 14:59:24+00:00,75.01,2.55,0.5506849315068493
2025-11-28 18:00:00+00:00,2026-06-18 00:00:00+00:00,GTLB,GTLB260618P00032500,put,False,32.5,2.75,3.3,3.05,40.56999969482422,0.5939982006835938,0.03630299948180115,0.0,37.0,0,2025-11-26 20:39:26+00:00,45.342777777777776,3.025,0.5506849315068493
2025-11-28 18:00:00+00:00,2026-06-18 00:00:00+00:00,GTLB,GTLB260618P00035000,put,False,35.0,3.6,4.9,4.0,40.56999969482422,0.6127968408203126,0.03630299948180115,0.0,1.0,0,2025-11-21 20:58:24+00:00,165.02666666666667,4.25,0.5506849315068493
2025-11-28 18:00:00+00:00,2026-06-18 00:00:00+00:00,GTLB,GTLB260618P00037500,put,False,37.5,4.7,6.0,5.15,40.56999969482422,0.6032754516601564,0.03630299948180115,0.0,37.0,0,2025-11-26 20:39:26+00:00,45.342777777777776,5.35,0.5506849315068493
2025-11-28 18:00:00+00:00,2026-06-18 00:00:00+00:00,GTLB,GTLB260618P00040000,put,False,40.0,5.9,7.2,6.5,40.56999969482422,0.590946473388672,0.03630299948180115,0.0,1.0,1234,2025-11-26 17:09:52+00:00,48.83555555555556,6.550000000000001,0.5506849315068493
2025-11-28 18:00:00+00:00,2026-06-18 00:00:00+00:00,GTLB,GTLB260618P00042500,put,True,42.5,7.2,8.6,7.9,40.56999969482422,0.5804485314941408,0.03630299948180115,0.0,3.0,235,2025-11-26 16:51:22+00:00,49.14388888888889,7.9,0.5506849315068493
2025-11-28 18:00:00+00:00,2026-06-18 00:00:00+00:00,GTLB,GTLB260618P00045000,put,True,45.0,8.7,10.1,9.3,40.56999969482422,0.5720257641601563,0.03630299948180115,0.0,8.0,0,2025-11-26 15:37:08+00:00,50.38111111111111,9.399999999999999,0.5506849315068493
2025-11-28 18:00:00+00:00,2026-06-18 00:00:00+00:00,GTLB,GTLB260618P00047500,put,True,47.5,8.1,10.2,7.8,40.56999969482422,0.4954884436035156,0.03630299948180115,0.0,5.0,86,2025-09-23 19:39:48+00:00,1582.3366666666666,9.149999999999999,0.5506849315068493
2025-11-28 18:00:00+00:00,2026-06-18 00:00:00+00:00,GTLB,GTLB260618P00050000,put,True,50.0,11.9,13.6,12.77,40.56999969482422,0.5551802294921876,0.03630299948180115,0.0,15.0,0,2025-11-26 20:06:39+00:00,45.88916666666667,12.75,0.5506849315068493
2025-11-28 18:00:00+00:00,2026-06-18 00:00:00+00:00,GTLB,GTLB260618P00052500,put,True,52.5,0.0,0.0,12.1,40.56999969482422,1.0000000000000003e-05,0.03630299948180115,0.0,10.0,27,2025-09-02 15:54:09+00:00,2090.0975,0.0,0.5506849315068493
2025-11-28 18:00:00+00:00,2026-06-18 00:00:00+00:00,GTLB,GTLB260618P00055000,put,True,55.0,15.7,17.4,16.24,40.56999969482422,0.5424850439453126,0.03630299948180115,0.0,1.0,0,2025-11-26 19:48:37+00:00,46.18972222222222,16.549999999999997,0.5506849315068493
2025-11-28 18:00:00+00:00,2026-06-18 00:00:00+00:00,GTLB,GTLB260618P00057500,put,True,57.5,7.6,11.4,14.34,40.56999969482422,1.0000000000000003e-05,0.03630299948180115,0.0,4.0,4,2024-12-16 05:03:39+00:00,8340.939166666667,9.5,0.5506849315068493
2025-11-28 18:00:00+00:00,2026-06-18 00:00:00+00:00,GTLB,GTLB260618P00060000,put,True,60.0,19.8,21.5,14.89,40.56999969482422,0.5267381311035157,0.03630299948180115,0.0,1.0,17,2025-10-29 14:44:54+00:00,723.2516666666667,20.65,0.5506849315068493
2025-11-28 18:00:00+00:00,2026-06-18 00:00:00+00:00,GTLB,GTLB260618P00062500,put,True,62.5,19.5,20.5,18.66,40.56999969482422,1.0000000000000003e-05,0.03630299948180115,0.0,5.0,10,2025-10-09 19:46:55+00:00,1198.2180555555556,20.0,0.5506849315068493
2025-11-28 18:00:00+00:00,2026-06-18 00:00:00+00:00,GTLB,GTLB260618P00065000,put,True,65.0,20.1,24.1,20.4,40.56999969482422,0.33399103515625,0.03630299948180115,0.0,1.0,11,2025-09-09 14:15:59+00:00,1923.733611111111,22.1,0.5506849315068493
2025-11-28 18:00:00+00:00,2026-06-18 00:00:00+00:00,GTLB,GTLB260618P00067500,put,True,67.5,22.3,26.2,22.69,40.56999969482422,1.0000000000000003e-05,0.03630299948180115,0.0,5.0,70,2025-10-09 19:46:55+00:00,1198.2180555555556,24.25,0.5506849315068493
2025-11-28 18:00:00+00:00,2026-06-18 00:00:00+00:00,GTLB,GTLB260618P00070000,put,True,70.0,26.3,26.8,27.69,40.56999969482422,1.0000000000000003e-05,0.03630299948180115,0.0,1.0,2,2025-07-15 17:08:19+00:00,3264.861388888889,26.55,0.5506849315068493
2025-11-28 18:00:00+00:00,2026-06-18 00:00:00+00:00,GTLB,GTLB260618P00077500,put,True,77.5,31.5,35.0,29.28,40.56999969482422,1.0000000000000003e-05,0.03630299948180115,0.0,2.0,2,2025-10-06 17:44:23+00:00,1272.2602777777777,33.25,0.5506849315068493
2025-11-28 18:00:00+00:00,2026-07-17 00:00:00+00:00,GTLB,GTLB260717C00025000,call,True,25.0,16.4,19.2,25.6,40.56999969482422,0.692385888671875,0.03630299948180115,0.0,1.0,2,2025-10-21 17:15:09+00:00,912.7475,17.799999999999997,0.6301369863013698
2025-11-28 18:00:00+00:00,2026-07-17 00:00:00+00:00,GTLB,GTLB260717C00030000,call,True,30.0,12.8,16.6,21.4,40.56999969482422,0.7216824707031251,0.03630299948180115,0.0,1.0,1,2025-10-24 18:31:58+00:00,839.4672222222222,14.700000000000001,0.6301369863013698
2025-11-28 18:00:00+00:00,2026-07-17 00:00:00+00:00,GTLB,GTLB260717C00035000,call,True,35.0,10.7,12.4,16.6,40.56999969482422,0.6848176049804688,0.03630299948180115,0.0,1.0,8,2025-10-20 16:57:00+00:00,937.05,11.55,0.6301369863013698
2025-11-28 18:00:00+00:00,2026-07-17 00:00:00+00:00,GTLB,GTLB260717C00037500,call,True,37.5,13.8,14.4,12.93,40.56999969482422,1.006474694213867,0.03630299948180115,0.0,1.0,1,2025-08-07 13:58:49+00:00,2716.0197222222223,14.100000000000001,0.6301369863013698
2025-11-28 18:00:00+00:00,2026-07-17 00:00:00+00:00,GTLB,GTLB260717C00040000,call,True,40.0,7.9,9.2,8.3,40.56999969482422,0.6276892700195313,0.03630299948180115,0.0,2.0,26,2025-11-26 15:26:22+00:00,50.56055555555555,8.55,0.6301369863013698
2025-11-28 18:00:00+00:00,2026-07-17 00:00:00+00:00,GTLB,GTLB260717C00042500,call,False,42.5,8.0,11.5,10.5,40.56999969482422,0.8000508276367188,0.03630299948180115,0.0,1.0,27,2025-10-02 13:49:01+00:00,1372.1830555555555,9.75,0.6301369863013698
2025-11-28 18:00:00+00:00,2026-07-17 00:00:00+00:00,GTLB,GTLB260717C00045000,call,False,45.0,5.8,7.1,9.6,40.56999969482422,0.610599597167969,0.03630299948180115,0.0,4.0,15,2025-11-10 20:27:00+00:00,429.55,6.449999999999999,0.6301369863013698
2025-11-28 18:00:00+00:00,2026-07-17 00:00:00+00:00,GTLB,GTLB260717C00047500,call,False,47.5,5.6,8.8,8.7,40.56999969482422,0.7280300634765625,0.03630299948180115,0.0,1.0,11,2025-10-02 16:27:03+00:00,1369.5491666666667,7.2,0.6301369863013698
2025-11-28 18:00:00+00:00,2026-07-17 00:00:00+00:00,GTLB,GTLB260717C00050000,call,False,50.0,4.2,5.5,4.68,40.56999969482422,0.600712000732422,0.03630299948180115,0.0,4.0,0,2025-11-26 17:08:00+00:00,48.86666666666667,4.85,0.6301369863013698
2025-11-28 18:00:00+00:00,2026-07-17 00:00:00+00:00,GTLB,GTLB260717C00052500,call,False,52.5,3.5,4.9,5.9,40.56999969482422,0.5970499279785157,0.03630299948180115,0.0,17.0,0,2025-11-06 17:45:33+00:00,528.2408333333333,4.2,0.6301369863013698
2025-11-28 18:00:00+00:00,2026-07-17 00:00:00+00:00,GTLB,GTLB260717C00055000,call,False,55.0,2.95,4.3,3.6,40.56999969482422,0.5931437170410157,0.03630299948180115,0.0,4.0,94,2025-11-26 19:48:54+00:00,46.185,3.625,0.6301369863013698
2025-11-28 18:00:00+00:00,2026-07-17 00:00:00+00:00,GTLB,GTLB260717C00060000,call,False,60.0,2.2,3.4,3.72,40.56999969482422,0.5961954443359375,0.03630299948180115,0.0,7.0,97,2025-11-14 15:26:42+00:00,338.555,2.8,0.6301369863013698
2025-11-28 18:00:00+00:00,2026-07-17 00:00:00+00:00,GTLB,GTLB260717C00065000,call,False,65.0,1.45,2.6,2.19,40.56999969482422,0.5843547424316407,0.03630299948180115,0.0,1.0,147,2025-11-25 16:10:56+00:00,73.81777777777778,2.025,0.6301369863013698
2025-11-28 18:00:00+00:00,2026-07-17 00:00:00+00:00,GTLB,GTLB260717C00070000,call,False,70.0,1.0,2.05,3.1,40.56999969482422,0.5827678442382812,0.03630299948180115,0.0,1.0,0,2025-10-29 18:18:57+00:00,719.6841666666667,1.525,0.6301369863013698
2025-11-28 18:00:00+00:00,2026-07-17 00:00:00+00:00,GTLB,GTLB260717C00075000,call,False,75.0,0.65,1.7,1.29,40.56999969482422,0.5847209497070311,0.03630299948180115,0.0,30.0,132,2025-11-24 19:15:17+00:00,94.74527777777777,1.175,0.6301369863013698
2025-11-28 18:00:00+00:00,2026-07-17 00:00:00+00:00,GTLB,GTLB260717P00020000,put,False,20.0,0.0,1.7,0.68,40.56999969482422,0.7314479980468749,0.03630299948180115,0.0,,1,2025-08-28 16:53:42+00:00,2209.105,0.85,0.6301369863013698
2025-11-28 18:00:00+00:00,2026-07-17 00:00:00+00:00,GTLB,GTLB260717P00022500,put,False,22.5,0.0,1.85,1.27,40.56999969482422,0.6477086010742188,0.03630299948180115,0.0,2.0,2,2025-08-20 17:55:36+00:00,2400.0733333333333,0.925,0.6301369863013698
2025-11-28 18:00:00+00:00,2026-07-17 00:00:00+00:00,GTLB,GTLB260717P00025000,put,False,25.0,0.8,1.05,1.15,40.56999969482422,0.5564009204101563,0.03630299948180115,0.0,1.0,4,2025-08-28 13:40:25+00:00,2212.3263888888887,0.925,0.6301369863013698
2025-11-28 18:00:00+00:00,2026-07-17 00:00:00+00:00,GTLB,GTLB260717P00030000,put,False,30.0,0.6,4.3,2.32,40.56999969482422,0.5896037133789063,0.03630299948180115,0.0,,11,2025-10-14 14:17:21+00:00,1083.7108333333333,2.4499999999999997,0.6301369863013698
2025-11-28 18:00:00+00:00,2026-07-17 00:00:00+00:00,GTLB,GTLB260717P00032500,put,False,32.5,3.0,4.1,3.38,40.56999969482422,0.6084023535156251,0.03630299948180115,0.0,4.0,0,2025-11-26 17:08:00+00:00,48.86666666666667,3.55,0.6301369863013698
2025-11-28 18:00:00+00:00,2026-07-17 00:00:00+00:00,GTLB,GTLB260717P00035000,put,False,35.0,0.0,0.0,5.7,40.56999969482422,0.062509375,0.03630299948180115,0.0,4.0,11,2025-08-12 14:03:19+00:00,2595.944722222222,0.0,0.6301369863013698
2025-11-28 18:00:00+00:00,2026-07-17 00:00:00+00:00,GTLB,GTLB260717P00037500,put,False,37.5,4.8,6.1,4.8,40.56999969482422,0.5727581787109376,0.03630299948180115,0.0,17.0,3,2025-11-19 16:49:03+00:00,217.1825,5.449999999999999,0.6301369863013698
2025-11-28 18:00:00+00:00,2026-07-17 00:00:00+00:00,GTLB,GTLB260717P00040000,put,False,40.0,6.1,6.5,6.7,40.56999969482422,0.5329636547851562,0.03630299948180115,0.0,44.0,44,2025-07-17 15:52:35+00:00,3218.123611111111,6.3,0.6301369863013698
2025-11-28 18:00:00+00:00,2026-07-17 00:00:00+00:00,GTLB,GTLB260717P00042500,put,True,42.5,0.0,0.0,5.4,40.56999969482422,1.0000000000000003e-05,0.03630299948180115,0.0,1.0,0,2025-09-15 14:17:25+00:00,1779.7097222222221,0.0,0.6301369863013698
2025-11-28 18:00:00+00:00,2026-07-17 00:00:00+00:00,GTLB,GTLB260717P00045000,put,True,45.0,6.9,9.3,6.4,40.56999969482422,0.5273484765625001,0.03630299948180115,0.0,28.0,88,2025-09-23 14:58:23+00:00,1587.0269444444446,8.100000000000001,0.6301369863013698
2025-11-28 18:00:00+00:00,2026-07-17 00:00:00+00:00,GTLB,GTLB260717P00047500,put,True,47.5,9.1,10.5,8.5,40.56999969482422,0.48694360717773444,0.03630299948180115,0.0,11.0,11,2025-09-08 17:40:52+00:00,1944.318888888889,9.8,0.6301369863013698
2025-11-28 18:00:00+00:00,2026-07-17 00:00:00+00:00,GTLB,GTLB260717P00050000,put,True,50.0,9.0,13.0,11.7,40.56999969482422,0.539189178466797,0.03630299948180115,0.0,8.0,29,2025-10-16 16:54:08+00:00,1033.0977777777778,11.0,0.6301369863013698
2025-11-28 18:00:00+00:00,2026-07-17 00:00:00+00:00,GTLB,GTLB260717P00052500,put,True,52.5,13.0,13.5,12.3,40.56999969482422,0.4184628466796875,0.03630299948180115,0.0,,24,2025-07-08 14:08:10+00:00,3435.863888888889,13.25,0.6301369863013698
2025-11-28 18:00:00+00:00,2026-07-17 00:00:00+00:00,GTLB,GTLB260717P00060000,put,True,60.0,0.0,0.0,15.1,40.56999969482422,1.0000000000000003e-05,0.03630299948180115,0.0,7.0,0,2025-09-15 15:40:01+00:00,1778.3330555555556,0.0,0.6301369863013698
2025-11-28 18:00:00+00:00,2026-07-17 00:00:00+00:00,GTLB,GTLB260717P00065000,put,True,65.0,0.0,0.0,18.7,40.56999969482422,1.0000000000000003e-05,0.03630299948180115,0.0,,0,2025-09-15 15:39:55+00:00,1778.3347222222221,0.0,0.6301369863013698
2025-11-28 18:00:00+00:00,2026-08-21 00:00:00+00:00,GTLB,GTLB260821C00020000,call,True,20.0,20.7,23.5,30.0,40.56999969482422,0.7231472998046875,0.03630299948180115,0.0,1.0,2,2025-10-24 19:57:48+00:00,838.0366666666666,22.1,0.726027397260274
2025-11-28 18:00:00+00:00,2026-08-21 00:00:00+00:00,GTLB,GTLB260821C00022500,call,True,22.5,19.3,21.3,21.7,40.56999969482422,0.745119736328125,0.03630299948180115,0.0,1.0,0,2025-11-24 15:09:12+00:00,98.84666666666666,20.3,0.726027397260274
2025-11-28 18:00:00+00:00,2026-08-21 00:00:00+00:00,GTLB,GTLB260821C00025000,call,True,25.0,0.0,0.0,27.35,40.56999969482422,1.0000000000000003e-05,0.03630299948180115,0.0,1.0,0,2025-09-15 16:35:33+00:00,1777.4075,0.0,0.726027397260274
2025-11-28 18:00:00+00:00,2026-08-21 00:00:00+00:00,GTLB,GTLB260821C00030000,call,True,30.0,13.6,15.8,21.0,40.56999969482422,0.6726106958007814,0.03630299948180115,0.0,1.0,6,2025-11-03 15:29:19+00:00,602.5113888888889,14.7,0.726027397260274
2025-11-28 18:00:00+00:00,2026-08-21 00:00:00+00:00,GTLB,GTLB260821C00032500,call,True,32.5,12.1,14.2,13.41,40.56999969482422,0.6623568920898439,0.03630299948180115,0.0,2.0,28,2025-11-25 19:31:06+00:00,70.48166666666667,13.149999999999999,0.726027397260274
2025-11-28 18:00:00+00:00,2026-08-21 00:00:00+00:00,GTLB,GTLB260821C00035000,call,True,35.0,0.0,0.0,19.7,40.56999969482422,1.0000000000000003e-05,0.03630299948180115,0.0,4.0,0,2025-09-15 15:40:13+00:00,1778.3297222222222,0.0,0.726027397260274
2025-11-28 18:00:00+00:00,2026-08-21 00:00:00+00:00,GTLB,GTLB260821C00037500,call,True,37.5,0.0,0.0,12.8,40.56999969482422,1.0000000000000003e-05,0.03630299948180115,0.0,1.0,1,2025-08-04 13:30:00+00:00,2788.5,0.0,0.726027397260274
2025-11-28 18:00:00+00:00,2026-08-21 00:00:00+00:00,GTLB,GTLB260821C00040000,call,True,40.0,8.7,9.5,9.3,40.56999969482422,0.6263465100097658,0.03630299948180115,0.0,2.0,0,2025-11-28 15:42:31+00:00,2.2913888888888887,9.1,0.726027397260274
2025-11-28 18:00:00+00:00,2026-08-21 00:00:00+00:00,GTLB,GTLB260821C00042500,call,False,42.5,7.1,9.3,12.9,40.56999969482422,0.6319616882324219,0.03630299948180115,0.0,1.0,8,2025-10-24 13:38:00+00:00,844.3666666666667,8.2,0.726027397260274
2025-11-28 18:00:00+00:00,2026-08-21 00:00:00+00:00,GTLB,GTLB260821C00045000,call,False,45.0,6.2,7.6,8.5,40.56999969482422,0.6014444152832032,0.03630299948180115,0.0,5.0,175,2025-11-20 16:42:13+00:00,193.29638888888888,6.9,0.726027397260274
2025-11-28 18:00:00+00:00,2026-08-21 00:00:00+00:00,GTLB,GTLB260821C00047500,call,False,47.5,5.3,6.7,6.1,40.56999969482422,0.5930216479492189,0.03630299948180115,0.0,1.0,0,2025-11-25 15:07:41+00:00,74.87194444444444,6.0,0.726027397260274
2025-11-28 18:00:00+00:00,2026-08-21 00:00:00+00:00,GTLB,GTLB260821C00050000,call,False,50.0,4.8,5.8,5.05,40.56999969482422,0.5925333715820313,0.03630299948180115,0.0,2.0,116,2025-11-28 15:00:05+00:00,2.998611111111111,5.3,0.726027397260274
2025-11-28 18:00:00+00:00,2026-08-21 00:00:00+00:00,GTLB,GTLB260821C00052500,call,False,52.5,3.9,5.3,8.31,40.56999969482422,0.5860637097167969,0.03630299948180115,0.0,2.0,25,2025-11-04 14:39:32+00:00,579.3411111111111,4.6,0.726027397260274
2025-11-28 18:00:00+00:00,2026-08-21 00:00:00+00:00,GTLB,GTLB260821C00055000,call,False,55.0,3.3,4.7,4.05,40.56999969482422,0.5814250842285156,0.03630299948180115,0.0,50.0,0,2025-11-26 16:23:55+00:00,49.60138888888889,4.0,0.726027397260274
2025-11-28 18:00:00+00:00,2026-08-21 00:00:00+00:00,GTLB,GTLB260821C00060000,call,False,60.0,2.35,3.7,3.07,40.56999969482422,0.5744671459960937,0.03630299948180115,0.0,50.0,0,2025-11-26 16:23:55+00:00,49.60138888888889,3.0250000000000004,0.726027397260274
2025-11-28 18:00:00+00:00,2026-08-21 00:00:00+00:00,GTLB,GTLB260821C00065000,call,False,65.0,1.65,2.75,3.47,40.56999969482422,0.5610395458984375,0.03630299948180115,0.0,8.0,0,2025-11-04 18:08:20+00:00,575.8611111111111,2.2,0.726027397260274
2025-11-28 18:00:00+00:00,2026-08-21 00:00:00+00:00,GTLB,GTLB260821C00070000,call,False,70.0,1.15,2.3,3.5,40.56999969482422,0.5644574804687501,0.03630299948180115,0.0,4.0,0,2025-11-04 20:07:49+00:00,573.8697222222222,1.7249999999999999,0.726027397260274
2025-11-28 18:00:00+00:00,2026-08-21 00:00:00+00:00,GTLB,GTLB260821C00075000,call,False,75.0,0.95,2.5,3.0,40.56999969482422,0.6081582153320313,0.03630299948180115,0.0,,7,2025-10-07 19:48:43+00:00,1246.1880555555556,1.725,0.726027397260274
2025-11-28 18:00:00+00:00,2026-08-21 00:00:00+00:00,GTLB,GTLB260821P00020000,put,False,20.0,0.0,0.0,1.0,40.56999969482422,0.2500075,0.03630299948180115,0.0,1.0,1,2025-08-18 15:49:04+00:00,2450.182222222222,0.0,0.726027397260274
2025-11-28 18:00:00+00:00,2026-08-21 00:00:00+00:00,GTLB,GTLB260821P00022500,put,False,22.5,0.6,0.8,1.0,40.56999969482422,0.5571333349609376,0.03630299948180115,0.0,1.0,9,2025-08-29 18:20:56+00:00,2183.6511111111113,0.7,0.726027397260274
2025-11-28 18:00:00+00:00,2026-08-21 00:00:00+00:00,GTLB,GTLB260821P00025000,put,False,25.0,0.05,3.4,1.15,40.56999969482422,0.6435582519531251,0.03630299948180115,0.0,1.0,1,2025-09-08 16:41:49+00:00,1945.3030555555556,1.7249999999999999,0.726027397260274
2025-11-28 18:00:00+00:00,2026-08-21 00:00:00+00:00,GTLB,GTLB260821P00027500,put,False,27.5,0.45,3.7,1.7,40.56999969482422,0.596683720703125,0.03630299948180115,0.0,1.0,1,2025-09-08 14:51:38+00:00,1947.1394444444445,2.075,0.726027397260274
2025-11-28 18:00:00+00:00,2026-08-21 00:00:00+00:00,GTLB,GTLB260821P00030000,put,False,30.0,0.4,4.6,2.23,40.56999969482422,0.5549360913085939,0.03630299948180115,0.0,1.0,17,2025-09-30 16:52:22+00:00,1417.1272222222221,2.5,0.726027397260274
2025-11-28 18:00:00+00:00,2026-08-21 00:00:00+00:00,GTLB,GTLB260821P00032500,put,False,32.5,2.5,2.85,3.4,40.56999969482422,0.5013477600097658,0.03630299948180115,0.0,245.0,245,2025-09-04 19:31:44+00:00,2038.4711111111112,2.675,0.726027397260274
2025-11-28 18:00:00+00:00,2026-08-21 00:00:00+00:00,GTLB,GTLB260821P00035000,put,False,35.0,1.75,5.5,2.9,40.56999969482422,0.6394079028320312,0.03630299948180115,0.0,3.0,112,2025-09-17 18:47:31+00:00,1727.2080555555556,3.625,0.726027397260274
2025-11-28 18:00:00+00:00,2026-08-21 00:00:00+00:00,GTLB,GTLB260821P00037500,put,False,37.5,4.0,5.7,3.7,40.56999969482422,0.5534712622070312,0.03630299948180115,0.0,1.0,106,2025-09-18 17:56:59+00:00,1704.0502777777779,4.85,0.726027397260274
2025-11-28 18:00:00+00:00,2026-08-21 00:00:00+00:00,GTLB,GTLB260821P00040000,put,False,40.0,6.5,7.7,6.82,40.56999969482422,0.5562788513183594,0.03630299948180115,0.0,1.0,57,2025-11-21 18:34:01+00:00,167.43305555555557,7.1,0.726027397260274
2025-11-28 18:00:00+00:00,2026-08-21 00:00:00+00:00,GTLB,GTLB260821P00042500,put,True,42.5,5.3,8.0,6.94,40.56999969482422,0.5133105310058592,0.03630299948180115,0.0,1.0,13,2025-10-16 19:46:18+00:00,1030.2283333333332,6.65,0.726027397260274
2025-11-28 18:00:00+00:00,2026-08-21 00:00:00+00:00,GTLB,GTLB260821P00045000,put,True,45.0,7.3,10.4,8.6,40.56999969482422,0.5701947277832031,0.03630299948180115,0.0,8.0,13,2025-10-10 19:24:40+00:00,1174.588888888889,8.85,0.726027397260274
2025-11-28 18:00:00+00:00,2026-08-21 00:00:00+00:00,GTLB,GTLB260821P00047500,put,True,47.5,9.4,11.2,7.89,40.56999969482422,0.5043994873046875,0.03630299948180115,0.0,2.0,13,2025-09-11 14:06:51+00:00,1875.8858333333333,10.3,0.726027397260274
2025-11-28 18:00:00+00:00,2026-08-21 00:00:00+00:00,GTLB,GTLB260821P00050000,put,True,50.0,9.5,12.3,9.1,40.56999969482422,0.4506890869140625,0.03630299948180115,0.0,1.0,11,2025-09-23 15:39:41+00:00,1586.338611111111,10.9,0.726027397260274
2025-11-28 18:00:00+00:00,2026-08-21 00:00:00+00:00,GTLB,GTLB260821P00052500,put,True,52.5,11.4,11.8,11.8,40.56999969482422,0.215828154296875,0.03630299948180115,0.0,14.0,14,2025-08-29 14:14:30+00:00,2187.758333333333,11.600000000000001,0.726027397260274
2025-11-28 18:00:00+00:00,2026-08-21 00:00:00+00:00,GTLB,GTLB260821P00055000,put,True,55.0,13.6,15.7,14.1,40.56999969482422,0.40039662109375,0.03630299948180115,0.0,,2,2025-10-02 18:03:08+00:00,1367.9477777777777,14.649999999999999,0.726027397260274
2025-11-28 18:00:00+00:00,2026-08-21 00:00:00+00:00,GTLB,GTLB260821P00065000,put,True,65.0,22.4,22.9,21.3,40.56999969482422,1.0000000000000003e-05,0.03630299948180115,0.0,,0,2025-07-08 15:28:27+00:00,3434.525833333333,22.65,0.726027397260274
2025-11-28 18:00:00+00:00,2026-09-18 00:00:00+00:00,GTLB,GTLB260918C00025000,call,True,25.0,17.6,20.8,20.9,40.56999969482422,0.7893087475585938,0.03630299948180115,0.0,2.0,3,2025-11-19 17:37:46+00:00,216.37055555555557,19.200000000000003,0.8027397260273973
2025-11-28 18:00:00+00:00,2026-09-18 00:00:00+00:00,GTLB,GTLB260918C00027500,call,True,27.5,15.8,19.4,23.1,40.56999969482422,0.7811301184082031,0.03630299948180115,0.0,1.0,1,2025-10-31 13:32:02+00:00,676.4661111111111,17.6,0.8027397260273973
2025-11-28 18:00:00+00:00,2026-09-18 00:00:00+00:00,GTLB,GTLB260918C00030000,call,True,30.0,14.1,16.0,15.0,40.56999969482422,0.6733431103515627,0.03630299948180115,0.0,1.0,0,2025-11-26 18:23:53+00:00,47.60194444444444,15.05,0.8027397260273973
2025-11-28 18:00:00+00:00,2026-09-18 00:00:00+00:00,GTLB,GTLB260918C00035000,call,True,35.0,11.4,12.7,13.27,40.56999969482422,0.6469761865234375,0.03630299948180115,0.0,6.0,5,2025-11-20 17:43:29+00:00,192.27527777777777,12.05,0.8027397260273973
2025-11-28 18:00:00+00:00,2026-09-18 00:00:00+00:00,GTLB,GTLB260918C00037500,call,True,37.5,11.9,16.0,17.55,40.56999969482422,0.8809826354980468,0.03630299948180115,0.0,,1,2025-09-17 13:30:11+00:00,1732.4969444444444,13.95,0.8027397260273973
2025-11-28 18:00:00+00:00,2026-09-18 00:00:00+00:00,GTLB,GTLB260918C00040000,call,True,40.0,9.8,14.1,14.55,40.56999969482422,0.8021260021972656,0.03630299948180115,0.0,,1,2025-09-24 15:07:41+00:00,1562.8719444444444,11.95,0.8027397260273973
2025-11-28 18:00:00+00:00,2026-09-18 00:00:00+00:00,GTLB,GTLB260918C00042500,call,False,42.5,7.7,10.3,15.0,40.56999969482422,0.6569858520507813,0.03630299948180115,0.0,1.0,0,2025-11-03 20:18:54+00:00,597.685,9.0,0.8027397260273973
2025-11-28 18:00:00+00:00,2026-09-18 00:00:00+00:00,GTLB,GTLB260918C00045000,call,False,45.0,6.7,8.0,13.0,40.56999969482422,0.602787175292969,0.03630299948180115,0.0,1.0,11,2025-11-03 20:11:59+00:00,597.8002777777778,7.35,0.8027397260273973
2025-11-28 18:00:00+00:00,2026-09-18 00:00:00+00:00,GTLB,GTLB260918C00047500,call,False,47.5,5.8,7.2,8.08,40.56999969482422,0.5981485498046876,0.03630299948180115,0.0,10.0,7,2025-11-20 14:59:28+00:00,195.0088888888889,6.5,0.8027397260273973
2025-11-28 18:00:00+00:00,2026-09-18 00:00:00+00:00,GTLB,GTLB260918C00050000,call,False,50.0,5.0,6.4,7.3,40.56999969482422,0.5910685424804689,0.03630299948180115,0.0,1.0,72,2025-11-13 15:12:14+00:00,362.7961111111111,5.7,0.8027397260273973
2025-11-28 18:00:00+00:00,2026-09-18 00:00:00+00:00,GTLB,GTLB260918C00052500,call,False,52.5,5.4,7.9,9.01,40.56999969482422,0.6986114123535156,0.03630299948180115,0.0,10.0,16,2025-10-08 19:41:29+00:00,1222.308611111111,6.65,0.8027397260273973
2025-11-28 18:00:00+00:00,2026-09-18 00:00:00+00:00,GTLB,GTLB260918C00055000,call,False,55.0,4.0,5.1,5.6,40.56999969482422,0.5922892333984376,0.03630299948180115,0.0,1.0,0,2025-11-13 15:12:14+00:00,362.7961111111111,4.55,0.8027397260273973
2025-11-28 18:00:00+00:00,2026-09-18 00:00:00+00:00,GTLB,GTLB260918C00060000,call,False,60.0,2.75,3.6,4.7,40.56999969482422,0.5581098876953126,0.03630299948180115,0.0,1.0,68,2025-11-14 18:46:31+00:00,335.2247222222222,3.175,0.8027397260273973
2025-11-28 18:00:00+00:00,2026-09-18 00:00:00+00:00,GTLB,GTLB260918C00065000,call,False,65.0,1.9,2.75,3.25,40.56999969482422,0.5446822875976562,0.03630299948180115,0.0,1.0,621,2025-11-05 20:35:49+00:00,549.4030555555555,2.325,0.8027397260273973
2025-11-28 18:00:00+00:00,2026-09-18 00:00:00+00:00,GTLB,GTLB260918C00070000,call,False,70.0,1.45,2.65,3.8,40.56999969482422,0.5678754150390625,0.03630299948180115,0.0,4.0,0,2025-11-04 20:07:49+00:00,573.8697222222222,2.05,0.8027397260273973
2025-11-28 18:00:00+00:00,2026-09-18 00:00:00+00:00,GTLB,GTLB260918C00075000,call,False,75.0,1.3,3.0,3.15,40.56999969482422,0.6201209863281252,0.03630299948180115,0.0,60.0,80,2025-10-07 19:56:46+00:00,1246.0538888888889,2.15,0.8027397260273973
2025-11-28 18:00:00+00:00,2026-09-18 00:00:00+00:00,GTLB,GTLB260918P00022500,put,False,22.5,0.5,3.9,1.05,40.56999969482422,0.7763694238281251,0.03630299948180115,0.0,,1,2025-10-01 19:02:13+00:00,1390.9630555555555,2.2,0.8027397260273973
2025-11-28 18:00:00+00:00,2026-09-18 00:00:00+00:00,GTLB,GTLB260918P00030000,put,False,30.0,2.75,3.8,3.1,40.56999969482422,0.6049844189453126,0.03630299948180115,0.0,5.0,8,2025-11-26 14:48:14+00:00,51.19611111111111,3.275,0.8027397260273973
2025-11-28 18:00:00+00:00,2026-09-18 00:00:00+00:00,GTLB,GTLB260918P00040000,put,False,40.0,4.5,8.3,5.4,40.56999969482422,0.6146278771972657,0.03630299948180115,0.0,,6,2025-09-08 18:45:59+00:00,1943.233611111111,6.4,0.8027397260273973
2025-11-28 18:00:00+00:00,2026-09-18 00:00:00+00:00,GTLB,GTLB260918P00042500,put,True,42.5,5.3,9.3,6.6,40.56999969482422,0.5778850805664062,0.03630299948180115,0.0,1.0,18,2025-10-03 15:51:04+00:00,1346.148888888889,7.300000000000001,0.8027397260273973
2025-11-28 18:00:00+00:00,2026-09-18 00:00:00+00:00,GTLB,GTLB260918P00045000,put,True,45.0,7.7,9.7,7.3,40.56999969482422,0.49487809814453126,0.03630299948180115,0.0,4.0,5,2025-09-22 17:07:05+00:00,1608.8819444444443,8.7,0.8027397260273973
2025-11-28 18:00:00+00:00,2026-09-18 00:00:00+00:00,GTLB,GTLB260918P00050000,put,True,50.0,11.2,14.6,10.0,40.56999969482422,0.5885050915527343,0.03630299948180115,0.0,1.0,1,2025-10-20 15:03:54+00:00,938.935,12.899999999999999,0.8027397260273973
2025-11-28 18:00:00+00:00,2026-09-18 00:00:00+00:00,GTLB,GTLB260918P00070000,put,True,70.0,25.7,28.0,23.4,40.56999969482422,1.0000000000000003e-05,0.03630299948180115,0.0,,1,2025-09-11 17:46:57+00:00,1872.2175,26.85,0.8027397260273973
2025-11-28 18:00:00+00:00,2026-12-18 00:00:00+00:00,GTLB,GTLB261218C00020000,call,True,20.0,24.0,28.5,28.5,40.56999969482422,1.156498358154297,0.03630299948180115,0.0,1.0,79,2025-10-06 13:54:24+00:00,1276.0933333333332,26.25,1.0520547945205478
2025-11-28 18:00:00+00:00,2026-12-18 00:00:00+00:00,GTLB,GTLB261218C00022500,call,True,22.5,0.0,0.0,20.55,40.56999969482422,1.0000000000000003e-05,0.03630299948180115,0.0,1.0,9,2025-08-12 19:25:57+00:00,2590.5675,0.0,1.0520547945205478
2025-11-28 18:00:00+00:00,2026-12-18 00:00:00+00:00,GTLB,GTLB261218C00025000,call,True,25.0,18.3,20.1,26.65,40.56999969482422,0.6899445068359377,0.03630299948180115,0.0,2.0,215,2025-11-03 18:25:50+00:00,599.5694444444445,19.200000000000003,1.0520547945205478
2025-11-28 18:00:00+00:00,2026-12-18 00:00:00+00:00,GTLB,GTLB261218C00027500,call,True,27.5,0.0,0.0,22.7,40.56999969482422,1.0000000000000003e-05,0.03630299948180115,0.0,2.0,6,2025-08-18 17:39:42+00:00,2448.338333333333,0.0,1.0520547945205478
2025-11-28 18:00:00+00:00,2026-12-18 00:00:00+00:00,GTLB,GTLB261218C00030000,call,True,30.0,15.0,16.9,20.43,40.56999969482422,0.6628451684570313,0.03630299948180115,0.0,3.0,0,2025-11-11 15:42:02+00:00,410.2994444444444,15.95,1.0520547945205478
2025-11-28 18:00:00+00:00,2026-12-18 00:00:00+00:00,GTLB,GTLB261218C00032500,call,True,32.5,18.9,21.0,16.5,40.56999969482422,1.0693405908203126,0.03630299948180115,0.0,,11,2025-09-04 16:16:06+00:00,2041.7316666666666,19.95,1.0520547945205478
2025-11-28 18:00:00+00:00,2026-12-18 00:00:00+00:00,GTLB,GTLB261218C00035000,call,True,35.0,12.6,14.0,12.4,40.56999969482422,0.6528355029296876,0.03630299948180115,0.0,1.0,0,2025-11-28 15:54:17+00:00,2.0952777777777776,13.3,1.0520547945205478
2025-11-28 18:00:00+00:00,2026-12-18 00:00:00+00:00,GTLB,GTLB261218C00037500,call,True,37.5,10.9,12.4,13.0,40.56999969482422,0.6165809826660158,0.03630299948180115,0.0,1.0,8,2025-11-17 20:01:15+00:00,261.9791666666667,11.65,1.0520547945205478
2025-11-28 18:00:00+00:00,2026-12-18 00:00:00+00:00,GTLB,GTLB261218C00040000,call,True,40.0,10.0,11.2,10.53,40.56999969482422,0.6151161535644531,0.03630299948180115,0.0,1.0,0,2025-11-28 17:19:27+00:00,0.6758333333333333,10.6,1.0520547945205478
2025-11-28 18:00:00+00:00,2026-12-18 00:00:00+00:00,GTLB,GTLB261218C00042500,call,False,42.5,8.7,10.0,9.12,40.56999969482422,0.59570716796875,0.03630299948180115,0.0,2.0,51,2025-11-28 14:35:06+00:00,3.415,9.35,1.0520547945205478
2025-11-28 18:00:00+00:00,2026-12-18 00:00:00+00:00,GTLB,GTLB261218C00045000,call,False,45.0,7.9,9.8,8.6,40.56999969482422,0.6169471899414063,0.03630299948180115,0.0,1.0,0,2025-11-26 19:49:46+00:00,46.17055555555555,8.850000000000001,1.0520547945205478
2025-11-28 18:00:00+00:00,2026-12-18 00:00:00+00:00,GTLB,GTLB261218C00047500,call,False,47.5,7.3,8.0,7.68,40.56999969482422,0.5911906115722658,0.03630299948180115,0.0,30.0,0,2025-11-28 15:17:56+00:00,2.701111111111111,7.65,1.0520547945205478
2025-11-28 18:00:00+00:00,2026-12-18 00:00:00+00:00,GTLB,GTLB261218C00050000,call,False,50.0,6.0,7.4,6.27,40.56999969482422,0.57617611328125,0.03630299948180115,0.0,1.0,0,2025-11-25 16:23:39+00:00,73.60583333333334,6.7,1.0520547945205478
2025-11-28 18:00:00+00:00,2026-12-18 00:00:00+00:00,GTLB,GTLB261218C00052500,call,False,52.5,7.3,11.0,10.76,40.56999969482422,0.7592797509765626,0.03630299948180115,0.0,1.0,96,2025-09-10 18:57:26+00:00,1895.0427777777777,9.15,1.0520547945205478
2025-11-28 18:00:00+00:00,2026-12-18 00:00:00+00:00,GTLB,GTLB261218C00055000,call,False,55.0,4.9,6.2,8.93,40.56999969482422,0.5788616333007812,0.03630299948180115,0.0,10.0,83,2025-10-22 15:08:01+00:00,890.8663888888889,5.550000000000001,1.0520547945205478
2025-11-28 18:00:00+00:00,2026-12-18 00:00:00+00:00,GTLB,GTLB261218C00057500,call,False,57.5,9.5,10.4,7.5,40.56999969482422,0.8728040063476561,0.03630299948180115,0.0,12.0,16,2025-08-15 16:56:32+00:00,2521.0577777777776,9.95,1.0520547945205478
2025-11-28 18:00:00+00:00,2026-12-18 00:00:00+00:00,GTLB,GTLB261218C00060000,call,False,60.0,3.6,5.1,5.0,40.56999969482422,0.5644574804687501,0.03630299948180115,0.0,6.0,682,2025-11-17 19:53:11+00:00,262.1136111111111,4.35,1.0520547945205478
2025-11-28 18:00:00+00:00,2026-12-18 00:00:00+00:00,GTLB,GTLB261218C00062500,call,False,62.5,3.3,4.5,5.11,40.56999969482422,0.5618940295410157,0.03630299948180115,0.0,4.0,13,2025-11-12 15:27:52+00:00,386.53555555555556,3.9,1.0520547945205478
2025-11-28 18:00:00+00:00,2026-12-18 00:00:00+00:00,GTLB,GTLB261218C00065000,call,False,65.0,3.0,3.9,3.7,40.56999969482422,0.5562788513183594,0.03630299948180115,0.0,1.0,0,2025-11-28 15:06:55+00:00,2.8847222222222224,3.45,1.0520547945205478
2025-11-28 18:00:00+00:00,2026-12-18 00:00:00+00:00,GTLB,GTLB261218C00067500,call,False,67.5,5.3,8.3,4.5,40.56999969482422,0.7918721984863282,0.03630299948180115,0.0,2.0,6,2025-08-01 13:59:14+00:00,2860.012777777778,6.800000000000001,1.0520547945205478
2025-11-28 18:00:00+00:00,2026-12-18 00:00:00+00:00,GTLB,GTLB261218C00070000,call,False,70.0,2.65,3.2,2.57,40.56999969482422,0.5632367895507813,0.03630299948180115,0.0,1.0,0,2025-11-26 15:49:46+00:00,50.17055555555555,2.925,1.0520547945205478
2025-11-28 18:00:00+00:00,2026-12-18 00:00:00+00:00,GTLB,GTLB261218C00072500,call,False,72.5,1.8,3.1,2.75,40.56999969482422,0.5474898767089844,0.03630299948180115,0.0,3.0,48,2025-11-07 15:37:29+00:00,506.3752777777778,2.45,1.0520547945205478
2025-11-28 18:00:00+00:00,2026-12-18 00:00:00+00:00,GTLB,GTLB261218C00075000,call,False,75.0,1.9,2.7,2.46,40.56999969482422,0.5542036767578126,0.03630299948180115,0.0,4.0,776,2025-11-24 15:26:47+00:00,98.55361111111111,2.3,1.0520547945205478
2025-11-28 18:00:00+00:00,2026-12-18 00:00:00+00:00,GTLB,GTLB261218C00077500,call,False,77.5,1.35,2.6,2.69,40.56999969482422,0.5446822875976562,0.03630299948180115,0.0,10.0,4,2025-10-30 13:37:46+00:00,700.3705555555556,1.975,1.0520547945205478
2025-11-28 18:00:00+00:00,2026-12-18 00:00:00+00:00,GTLB,GTLB261218C00080000,call,False,80.0,1.2,2.4,1.95,40.56999969482422,0.5456588403320313,0.03630299948180115,0.0,1.0,695,2025-11-17 14:55:45+00:00,267.0708333333333,1.7999999999999998,1.0520547945205478
2025-11-28 18:00:00+00:00,2026-12-18 00:00:00+00:00,GTLB,GTLB261218C00085000,call,False,85.0,1.05,2.1,2.65,40.56999969482422,0.5549360913085939,0.03630299948180115,0.0,5.0,1045,2025-10-24 13:51:15+00:00,844.1458333333334,1.5750000000000002,1.0520547945205478
2025-11-28 18:00:00+00:00,2026-12-18 00:00:00+00:00,GTLB,GTLB261218C00090000,call,False,90.0,0.85,1.7,1.35,40.56999969482422,0.5515181567382813,0.03630299948180115,0.0,6.0,102,2025-11-24 18:14:11+00:00,95.76361111111112,1.275,1.0520547945205478
2025-11-28 18:00:00+00:00,2026-12-18 00:00:00+00:00,GTLB,GTLB261218C00095000,call,False,95.0,0.55,2.05,1.88,40.56999969482422,0.5793499096679688,0.03630299948180115,0.0,10.0,514,2025-10-16 17:56:53+00:00,1032.0519444444444,1.2999999999999998,1.0520547945205478
2025-11-28 18:00:00+00:00,2026-12-18 00:00:00+00:00,GTLB,GTLB261218C00100000,call,False,100.0,0.75,1.15,0.81,40.56999969482422,0.56055126953125,0.03630299948180115,0.0,3.0,1310,2025-11-13 19:40:35+00:00,358.3236111111111,0.95,1.0520547945205478
2025-11-28 18:00:00+00:00,2026-12-18 00:00:00+00:00,GTLB,GTLB261218C00105000,call,False,105.0,0.45,1.1,0.85,40.56999969482422,0.5573774731445313,0.03630299948180115,0.0,10.0,448,2025-11-03 14:59:55+00:00,603.0013888888889,0.775,1.0520547945205478
2025-11-28 18:00:00+00:00,2026-12-18 00:00:00+00:00,GTLB,GTLB261218P00020000,put,False,20.0,0.0,2.1,0.84,40.56999969482422,0.6035195898437502,0.03630299948180115,0.0,1.0,1688,2025-09-08 15:25:58+00:00,1946.5672222222222,1.05,1.0520547945205478
2025-11-28 18:00:00+00:00,2026-12-18 00:00:00+00:00,GTLB,GTLB261218P00022500,put,False,22.5,0.0,0.0,1.9,40.56999969482422,0.12500875,0.03630299948180115,0.0,1.0,98,2025-08-18 15:51:15+00:00,2450.1458333333335,0.0,1.0520547945205478
2025-11-28 18:00:00+00:00,2026-12-18 00:00:00+00:00,GTLB,GTLB261218P00025000,put,False,25.0,0.0,0.0,2.45,40.56999969482422,0.12500875,0.03630299948180115,0.0,1.0,32,2025-08-18 15:51:48+00:00,2450.1366666666668,0.0,1.0520547945205478
2025-11-28 18:00:00+00:00,2026-12-18 00:00:00+00:00,GTLB,GTLB261218P00027500,put,False,27.5,2.55,3.5,3.0,40.56999969482422,0.5893595751953126,0.03630299948180115,0.0,1.0,0,2025-11-21 15:20:42+00:00,170.655,3.025,1.0520547945205478
2025-11-28 18:00:00+00:00,2026-12-18 00:00:00+00:00,GTLB,GTLB261218P00030000,put,False,30.0,2.65,3.9,3.5,40.56999969482422,0.5288133056640626,0.03630299948180115,0.0,1.0,11,2025-07-21 18:46:56+00:00,3119.217777777778,3.275,1.0520547945205478
2025-11-28 18:00:00+00:00,2026-12-18 00:00:00+00:00,GTLB,GTLB261218P00032500,put,False,32.5,4.2,5.3,4.5,40.56999969482422,0.5631147204589844,0.03630299948180115,0.0,1.0,229,2025-11-21 17:31:51+00:00,168.46916666666667,4.75,1.0520547945205478
2025-11-28 18:00:00+00:00,2026-12-18 00:00:00+00:00,GTLB,GTLB261218P00035000,put,False,35.0,5.2,6.3,5.75,40.56999969482422,0.5491988439941409,0.03630299948180115,0.0,2.0,0,2025-11-28 15:57:40+00:00,2.0388888888888888,5.75,1.0520547945205478
2025-11-28 18:00:00+00:00,2026-12-18 00:00:00+00:00,GTLB,GTLB261218P00037500,put,False,37.5,6.3,7.1,6.7,40.56999969482422,0.5255174401855469,0.03630299948180115,0.0,32.0,42,2025-11-28 15:57:10+00:00,2.047222222222222,6.699999999999999,1.0520547945205478
2025-11-28 18:00:00+00:00,2026-12-18 00:00:00+00:00,GTLB,GTLB261218P00040000,put,False,40.0,7.5,8.7,7.58,40.56999969482422,0.5249070947265625,0.03630299948180115,0.0,2.0,0,2025-11-19 19:05:29+00:00,214.9086111111111,8.1,1.0520547945205478
2025-11-28 18:00:00+00:00,2026-12-18 00:00:00+00:00,GTLB,GTLB261218P00042500,put,True,42.5,8.9,10.1,8.5,40.56999969482422,0.5173388110351562,0.03630299948180115,0.0,10.0,63,2025-11-18 17:19:43+00:00,240.67138888888888,9.5,1.0520547945205478
2025-11-28 18:00:00+00:00,2026-12-18 00:00:00+00:00,GTLB,GTLB261218P00045000,put,True,45.0,10.3,11.5,7.53,40.56999969482422,0.5040332800292968,0.03630299948180115,0.0,1.0,155,2025-10-23 15:43:00+00:00,866.2833333333333,10.9,1.0520547945205478
2025-11-28 18:00:00+00:00,2026-12-18 00:00:00+00:00,GTLB,GTLB261218P00047500,put,True,47.5,11.8,13.3,8.4,40.56999969482422,0.500005,0.03630299948180115,0.0,1.0,0,2025-10-28 14:00:29+00:00,747.9919444444445,12.55,1.0520547945205478
2025-11-28 18:00:00+00:00,2026-12-18 00:00:00+00:00,GTLB,GTLB261218P00050000,put,True,50.0,0.0,0.0,10.2,40.56999969482422,1.0000000000000003e-05,0.03630299948180115,0.0,6.0,0,2025-09-15 14:01:24+00:00,1779.9766666666667,0.0,1.0520547945205478
2025-11-28 18:00:00+00:00,2026-12-18 00:00:00+00:00,GTLB,GTLB261218P00052500,put,True,52.5,14.0,16.7,12.84,40.56999969482422,0.5278367529296876,0.03630299948180115,0.0,15.0,16,2025-11-11 20:08:40+00:00,405.85555555555555,15.35,1.0520547945205478
2025-11-28 18:00:00+00:00,2026-12-18 00:00:00+00:00,GTLB,GTLB261218P00055000,put,True,55.0,17.0,18.3,17.63,40.56999969482422,0.5063525927734375,0.03630299948180115,0.0,1.0,498,2025-11-28 17:04:08+00:00,0.9311111111111111,17.65,1.0520547945205478
2025-11-28 18:00:00+00:00,2026-12-18 00:00:00+00:00,GTLB,GTLB261218P00057500,put,True,57.5,14.0,18.6,19.8,40.56999969482422,0.39063109375,0.03630299948180115,0.0,1.0,21,2025-08-01 19:11:35+00:00,2854.8069444444445,16.3,1.0520547945205478
2025-11-28 18:00:00+00:00,2026-12-18 00:00:00+00:00,GTLB,GTLB261218P00060000,put,True,60.0,20.8,23.2,15.77,40.56999969482422,0.5592085095214845,0.03630299948180115,0.0,2.0,0,2025-10-27 13:47:39+00:00,772.2058333333333,22.0,1.0520547945205478
2025-11-28 18:00:00+00:00,2026-12-18 00:00:00+00:00,GTLB,GTLB261218P00062500,put,True,62.5,12.5,13.4,13.48,40.56999969482422,1.0000000000000003e-05,0.03630299948180115,0.0,,1,2024-12-05 20:17:55+00:00,8589.701388888889,12.95,1.0520547945205478
2025-11-28 18:00:00+00:00,2026-12-18 00:00:00+00:00,GTLB,GTLB261218P00065000,put,True,65.0,20.5,25.5,18.0,40.56999969482422,0.4154111193847656,0.03630299948180115,0.0,3.0,3,2024-12-16 05:03:39+00:00,8340.939166666667,23.0,1.0520547945205478
2025-11-28 18:00:00+00:00,2026-12-18 00:00:00+00:00,GTLB,GTLB261218P00070000,put,True,70.0,24.0,28.5,19.09,40.56999969482422,1.0000000000000003e-05,0.03630299948180115,0.0,,1,2024-12-16 05:03:39+00:00,8340.939166666667,26.25,1.0520547945205478
2025-11-28 18:00:00+00:00,2026-12-18 00:00:00+00:00,GTLB,GTLB261218P00080000,put,True,80.0,37.0,40.0,31.3,40.56999969482422,0.4731497998046875,0.03630299948180115,0.0,1.0,1,2025-03-10 14:43:18+00:00,6315.278333333334,38.5,1.0520547945205478
2025-11-28 18:00:00+00:00,2026-12-18 00:00:00+00:00,GTLB,GTLB261218P00090000,put,True,90.0,43.5,48.0,44.2,40.56999969482422,1.0000000000000003e-05,0.03630299948180115,0.0,3.0,4,2025-10-10 14:57:57+00:00,1179.0341666666666,45.75,1.0520547945205478
2025-11-28 18:00:00+00:00,2027-01-15 00:00:00+00:00,GTLB,GTLB270115C00020000,call,True,20.0,22.1,25.4,25.8,40.56999969482422,0.8151873950195312,0.03630299948180115,0.0,4.0,336,2025-11-19 17:05:03+00:00,216.91583333333332,23.75,1.1287671232876713
2025-11-28 18:00:00+00:00,2027-01-15 00:00:00+00:00,GTLB,GTLB270115C00022500,call,True,22.5,20.2,22.1,20.85,40.56999969482422,0.7006865869140625,0.03630299948180115,0.0,5.0,16,2025-11-26 19:39:51+00:00,46.33583333333333,21.15,1.1287671232876713
2025-11-28 18:00:00+00:00,2027-01-15 00:00:00+00:00,GTLB,GTLB270115C00025000,call,True,25.0,18.5,20.3,19.05,40.56999969482422,0.6860382958984376,0.03630299948180115,0.0,5.0,0,2025-11-26 19:39:51+00:00,46.33583333333333,19.4,1.1287671232876713
2025-11-28 18:00:00+00:00,2027-01-15 00:00:00+00:00,GTLB,GTLB270115C00027500,call,True,27.5,16.7,19.9,23.8,40.56999969482422,0.7202176416015625,0.03630299948180115,0.0,3.0,0,2025-10-31 16:34:20+00:00,673.4277777777778,18.299999999999997,1.1287671232876713
2025-11-28 18:00:00+00:00,2027-01-15 00:00:00+00:00,GTLB,GTLB270115C00030000,call,True,30.0,15.2,18.4,15.6,40.56999969482422,0.7070341796875,0.03630299948180115,0.0,1.0,273,2025-11-25 15:07:41+00:00,74.87194444444444,16.799999999999997,1.1287671232876713
2025-11-28 18:00:00+00:00,2027-01-15 00:00:00+00:00,GTLB,GTLB270115C00032500,call,True,32.5,12.5,15.3,20.8,40.56999969482422,0.5864299169921875,0.03630299948180115,0.0,1.0,0,2025-10-30 17:13:00+00:00,696.7833333333333,13.9,1.1287671232876713
2025-11-28 18:00:00+00:00,2027-01-15 00:00:00+00:00,GTLB,GTLB270115C00035000,call,True,35.0,12.5,13.9,12.99,40.56999969482422,0.6236609899902343,0.03630299948180115,0.0,6.0,54,2025-11-21 15:22:11+00:00,170.6302777777778,13.2,1.1287671232876713
2025-11-28 18:00:00+00:00,2027-01-15 00:00:00+00:00,GTLB,GTLB270115C00037500,call,True,37.5,11.1,12.6,12.0,40.56999969482422,0.6080361462402344,0.03630299948180115,0.0,1.0,0,2025-11-26 20:38:43+00:00,45.35472222222222,11.85,1.1287671232876713
2025-11-28 18:00:00+00:00,2027-01-15 00:00:00+00:00,GTLB,GTLB270115C00040000,call,True,40.0,10.6,11.3,11.1,40.56999969482422,0.615360291748047,0.03630299948180115,0.0,11.0,847,2025-11-28 17:50:29+00:00,0.15861111111111112,10.95,1.1287671232876713
2025-11-28 18:00:00+00:00,2027-01-15 00:00:00+00:00,GTLB,GTLB270115C00042500,call,False,42.5,9.2,10.8,10.0,40.56999969482422,0.6137733935546876,0.03630299948180115,0.0,300.0,338,2025-11-28 17:14:41+00:00,0.7552777777777778,10.0,1.1287671232876713
2025-11-28 18:00:00+00:00,2027-01-15 00:00:00+00:00,GTLB,GTLB270115C00045000,call,False,45.0,8.3,9.9,8.75,40.56999969482422,0.6102333898925782,0.03630299948180115,0.0,3.0,903,2025-11-26 19:26:01+00:00,46.56638888888889,9.100000000000001,1.1287671232876713
2025-11-28 18:00:00+00:00,2027-01-15 00:00:00+00:00,GTLB,GTLB270115C00047500,call,False,47.5,7.4,8.7,8.4,40.56999969482422,0.5937540625000001,0.03630299948180115,0.0,1.0,0,2025-11-24 15:30:49+00:00,98.48638888888888,8.05,1.1287671232876713
2025-11-28 18:00:00+00:00,2027-01-15 00:00:00+00:00,GTLB,GTLB270115C00050000,call,False,50.0,6.2,7.7,6.95,40.56999969482422,0.5706830041503907,0.03630299948180115,0.0,4.0,665,2025-11-28 17:31:38+00:00,0.4727777777777778,6.95,1.1287671232876713
2025-11-28 18:00:00+00:00,2027-01-15 00:00:00+00:00,GTLB,GTLB270115C00052500,call,False,52.5,5.5,7.0,9.39,40.56999969482422,0.5666547241210937,0.03630299948180115,0.0,2.0,0,2025-10-28 16:41:02+00:00,745.3161111111111,6.25,1.1287671232876713
2025-11-28 18:00:00+00:00,2027-01-15 00:00:00+00:00,GTLB,GTLB270115C00055000,call,False,55.0,4.8,6.3,7.7,40.56999969482422,0.5589643713378907,0.03630299948180115,0.0,2.0,0,2025-11-10 17:05:45+00:00,432.90416666666664,5.55,1.1287671232876713
2025-11-28 18:00:00+00:00,2027-01-15 00:00:00+00:00,GTLB,GTLB270115C00057500,call,False,57.5,4.2,5.7,6.0,40.56999969482422,0.5537154003906251,0.03630299948180115,0.0,1.0,291,2025-11-14 18:35:32+00:00,335.40777777777777,4.95,1.1287671232876713
2025-11-28 18:00:00+00:00,2027-01-15 00:00:00+00:00,GTLB,GTLB270115C00060000,call,False,60.0,3.8,5.5,4.5,40.56999969482422,0.5633588586425782,0.03630299948180115,0.0,1.0,0,2025-11-21 15:39:10+00:00,170.34722222222223,4.65,1.1287671232876713
2025-11-28 18:00:00+00:00,2027-01-15 00:00:00+00:00,GTLB,GTLB270115C00062500,call,False,62.5,3.2,5.8,4.17,40.56999969482422,0.5798381860351562,0.03630299948180115,0.0,5.0,128,2025-11-24 19:07:55+00:00,94.86805555555556,4.5,1.1287671232876713
2025-11-28 18:00:00+00:00,2027-01-15 00:00:00+00:00,GTLB,GTLB270115C00065000,call,False,65.0,3.2,4.2,3.7,40.56999969482422,0.5533491931152343,0.03630299948180115,0.0,1.0,306,2025-11-26 19:39:58+00:00,46.333888888888886,3.7,1.1287671232876713
2025-11-28 18:00:00+00:00,2027-01-15 00:00:00+00:00,GTLB,GTLB270115C00067500,call,False,67.5,2.55,4.8,2.99,40.56999969482422,0.5738568005371094,0.03630299948180115,0.0,1.0,222,2025-11-28 14:38:49+00:00,3.3530555555555557,3.675,1.1287671232876713
2025-11-28 18:00:00+00:00,2027-01-15 00:00:00+00:00,GTLB,GTLB270115C00070000,call,False,70.0,2.35,3.5,2.89,40.56999969482422,0.543949873046875,0.03630299948180115,0.0,1.0,875,2025-11-26 17:41:17+00:00,48.31194444444444,2.925,1.1287671232876713
2025-11-28 18:00:00+00:00,2027-01-15 00:00:00+00:00,GTLB,GTLB270115C00072500,call,False,72.5,1.9,3.3,3.5,40.56999969482422,0.5397995239257813,0.03630299948180115,0.0,1.0,0,2025-11-10 14:44:18+00:00,435.26166666666666,2.5999999999999996,1.1287671232876713
2025-11-28 18:00:00+00:00,2027-01-15 00:00:00+00:00,GTLB,GTLB270115C00075000,call,False,75.0,2.0,2.8,2.55,40.56999969482422,0.5427291821289064,0.03630299948180115,0.0,1.0,0,2025-11-28 15:20:18+00:00,2.6616666666666666,2.4,1.1287671232876713
2025-11-28 18:00:00+00:00,2027-01-15 00:00:00+00:00,GTLB,GTLB270115C00077500,call,False,77.5,1.55,2.85,3.2,40.56999969482422,0.5441940112304688,0.03630299948180115,0.0,20.0,84,2025-10-17 14:25:40+00:00,1011.5722222222222,2.2,1.1287671232876713
2025-11-28 18:00:00+00:00,2027-01-15 00:00:00+00:00,GTLB,GTLB270115C00080000,call,False,80.0,1.7,2.5,2.0,40.56999969482422,0.5521285021972657,0.03630299948180115,0.0,1.0,920,2025-11-26 17:31:35+00:00,48.47361111111111,2.1,1.1287671232876713
2025-11-28 18:00:00+00:00,2027-01-15 00:00:00+00:00,GTLB,GTLB270115C00085000,call,False,85.0,1.0,2.2,1.71,40.56999969482422,0.538212625732422,0.03630299948180115,0.0,1.0,107,2025-11-18 15:37:45+00:00,242.37083333333334,1.6,1.1287671232876713
2025-11-28 18:00:00+00:00,2027-01-15 00:00:00+00:00,GTLB,GTLB270115C00090000,call,False,90.0,0.8,1.9,1.5,40.56999969482422,0.540287800292969,0.03630299948180115,0.0,1.0,322,2025-11-25 15:49:14+00:00,74.17944444444444,1.35,1.1287671232876713
2025-11-28 18:00:00+00:00,2027-01-15 00:00:00+00:00,GTLB,GTLB270115C00095000,call,False,95.0,0.0,5.0,2.0,40.56999969482422,0.6684603466796877,0.03630299948180115,0.0,13.0,29,2025-10-16 19:52:05+00:00,1030.1319444444443,2.5,1.1287671232876713
2025-11-28 18:00:00+00:00,2027-01-15 00:00:00+00:00,GTLB,GTLB270115C00100000,call,False,100.0,0.8,1.3,0.9,40.56999969482422,0.5537154003906251,0.03630299948180115,0.0,2.0,0,2025-11-26 14:30:01+00:00,51.499722222222225,1.05,1.1287671232876713
2025-11-28 18:00:00+00:00,2027-01-15 00:00:00+00:00,GTLB,GTLB270115C00105000,call,False,105.0,0.5,1.2,0.83,40.56999969482422,0.5485884985351563,0.03630299948180115,0.0,2.0,1274,2025-11-20 20:38:08+00:00,189.36444444444444,0.85,1.1287671232876713
2025-11-28 18:00:00+00:00,2027-01-15 00:00:00+00:00,GTLB,GTLB270115P00020000,put,False,20.0,0.85,2.0,0.8,40.56999969482422,0.6425816992187501,0.03630299948180115,0.0,2.0,39,2025-10-03 18:15:27+00:00,1343.7425,1.425,1.1287671232876713
2025-11-28 18:00:00+00:00,2027-01-15 00:00:00+00:00,GTLB,GTLB270115P00022500,put,False,22.5,0.4,1.9,1.6,40.56999969482422,0.5190477783203125,0.03630299948180115,0.0,10.0,0,2025-11-24 16:20:06+00:00,97.665,1.15,1.1287671232876713
2025-11-28 18:00:00+00:00,2027-01-15 00:00:00+00:00,GTLB,GTLB270115P00025000,put,False,25.0,1.9,2.6,2.08,40.56999969482422,0.5747112841796875,0.03630299948180115,0.0,10.0,1543,2025-11-20 20:41:47+00:00,189.3036111111111,2.25,1.1287671232876713
2025-11-28 18:00:00+00:00,2027-01-15 00:00:00+00:00,GTLB,GTLB270115P00027500,put,False,27.5,0.5,5.0,2.65,40.56999969482422,0.5437057348632813,0.03630299948180115,0.0,6.0,127,2025-10-07 15:48:37+00:00,1250.1897222222221,2.75,1.1287671232876713
2025-11-28 18:00:00+00:00,2027-01-15 00:00:00+00:00,GTLB,GTLB270115P00030000,put,False,30.0,1.1,5.0,3.15,40.56999969482422,0.6489292919921875,0.03630299948180115,0.0,3.0,54,2025-09-30 16:51:36+00:00,1417.14,3.05,1.1287671232876713
2025-11-28 18:00:00+00:00,2027-01-15 00:00:00+00:00,GTLB,GTLB270115P00032500,put,False,32.5,4.2,5.4,4.3,40.56999969482422,0.5473678076171876,0.03630299948180115,0.0,10.0,0,2025-11-20 14:36:13+00:00,195.39638888888888,4.800000000000001,1.1287671232876713
2025-11-28 18:00:00+00:00,2027-01-15 00:00:00+00:00,GTLB,GTLB270115P00035000,put,False,35.0,5.3,6.4,5.85,40.56999969482422,0.5369919348144532,0.03630299948180115,0.0,2.0,496,2025-11-28 15:57:40+00:00,2.0388888888888888,5.85,1.1287671232876713
2025-11-28 18:00:00+00:00,2027-01-15 00:00:00+00:00,GTLB,GTLB270115P00037500,put,False,37.5,6.4,7.2,6.8,40.56999969482422,0.5137988073730468,0.03630299948180115,0.0,2.0,0,2025-11-28 15:57:10+00:00,2.047222222222222,6.800000000000001,1.1287671232876713
2025-11-28 18:00:00+00:00,2027-01-15 00:00:00+00:00,GTLB,GTLB270115P00040000,put,False,40.0,7.7,8.8,8.25,40.56999969482422,0.5158739819335938,0.03630299948180115,0.0,4.0,464,2025-11-28 17:31:38+00:00,0.4727777777777778,8.25,1.1287671232876713
2025-11-28 18:00:00+00:00,2027-01-15 00:00:00+00:00,GTLB,GTLB270115P00042500,put,True,42.5,9.0,10.2,9.24,40.56999969482422,0.5054981091308592,0.03630299948180115,0.0,1.0,72,2025-11-24 17:55:00+00:00,96.08333333333333,9.6,1.1287671232876713
2025-11-28 18:00:00+00:00,2027-01-15 00:00:00+00:00,GTLB,GTLB270115P00045000,put,True,45.0,10.4,11.8,10.2,40.56999969482422,0.5385788330078126,0.03630299948180115,0.0,1.0,0,2025-11-17 15:23:47+00:00,266.6036111111111,11.100000000000001,1.1287671232876713
2025-11-28 18:00:00+00:00,2027-01-15 00:00:00+00:00,GTLB,GTLB270115P00047500,put,True,47.5,12.0,13.4,10.4,40.56999969482422,0.5314988256835937,0.03630299948180115,0.0,2.0,134,2025-11-11 16:11:40+00:00,409.80555555555554,12.7,1.1287671232876713
2025-11-28 18:00:00+00:00,2027-01-15 00:00:00+00:00,GTLB,GTLB270115P00050000,put,True,50.0,13.6,15.0,14.37,40.56999969482422,0.5199022619628906,0.03630299948180115,0.0,15.0,153,2025-11-26 20:06:39+00:00,45.88916666666667,14.3,1.1287671232876713
2025-11-28 18:00:00+00:00,2027-01-15 00:00:00+00:00,GTLB,GTLB270115P00052500,put,True,52.5,15.3,16.8,13.06,40.56999969482422,0.5155077746582031,0.03630299948180115,0.0,15.0,0,2025-11-11 20:08:40+00:00,405.85555555555555,16.05,1.1287671232876713
2025-11-28 18:00:00+00:00,2027-01-15 00:00:00+00:00,GTLB,GTLB270115P00055000,put,True,55.0,17.2,18.5,17.87,40.56999969482422,0.5009815527343751,0.03630299948180115,0.0,1.0,0,2025-11-28 17:04:08+00:00,0.9311111111111111,17.85,1.1287671232876713
2025-11-28 18:00:00+00:00,2027-01-15 00:00:00+00:00,GTLB,GTLB270115P00057500,put,True,57.5,14.0,19.0,15.0,40.56999969482422,0.4046690393066406,0.03630299948180115,0.0,1.0,9,2025-09-17 17:55:54+00:00,1728.0683333333334,16.5,1.1287671232876713
2025-11-28 18:00:00+00:00,2027-01-15 00:00:00+00:00,GTLB,GTLB270115P00060000,put,True,60.0,20.8,23.5,17.0,40.56999969482422,0.5582319567871095,0.03630299948180115,0.0,10.0,90,2025-10-17 18:11:58+00:00,1007.8005555555555,22.15,1.1287671232876713
2025-11-28 18:00:00+00:00,2027-01-15 00:00:00+00:00,GTLB,GTLB270115P00062500,put,True,62.5,19.8,21.8,20.1,40.56999969482422,0.2561109545898438,0.03630299948180115,0.0,4.0,29,2025-10-08 15:32:49+00:00,1226.4530555555555,20.8,1.1287671232876713
2025-11-28 18:00:00+00:00,2027-01-15 00:00:00+00:00,GTLB,GTLB270115P00065000,put,True,65.0,21.0,25.5,21.5,40.56999969482422,0.40112903564453123,0.03630299948180115,0.0,1.0,99,2025-10-08 19:20:12+00:00,1222.6633333333334,23.25,1.1287671232876713
2025-11-28 18:00:00+00:00,2027-01-15 00:00:00+00:00,GTLB,GTLB270115P00067500,put,True,67.5,23.9,27.0,23.9,40.56999969482422,0.3193427441406249,0.03630299948180115,0.0,1.0,12,2025-10-08 15:32:55+00:00,1226.451388888889,25.45,1.1287671232876713
2025-11-28 18:00:00+00:00,2027-01-15 00:00:00+00:00,GTLB,GTLB270115P00070000,put,True,70.0,25.5,30.0,24.2,40.56999969482422,0.393560751953125,0.03630299948180115,0.0,4.0,39,2025-09-11 15:31:59+00:00,1874.4669444444444,27.75,1.1287671232876713
2025-11-28 18:00:00+00:00,2027-01-15 00:00:00+00:00,GTLB,GTLB270115P00072500,put,True,72.5,0.0,0.0,33.9,40.56999969482422,1.0000000000000003e-05,0.03630299948180115,0.0,1.0,2,2025-08-11 17:28:02+00:00,2616.532777777778,0.0,1.1287671232876713
2025-11-28 18:00:00+00:00,2027-01-15 00:00:00+00:00,GTLB,GTLB270115P00080000,put,True,80.0,36.0,38.4,34.3,40.56999969482422,1.0000000000000003e-05,0.03630299948180115,0.0,15.0,29,2025-10-09 13:58:05+00:00,1204.0319444444444,37.2,1.1287671232876713
2025-11-28 18:00:00+00:00,2027-01-15 00:00:00+00:00,GTLB,GTLB270115P00090000,put,True,90.0,43.5,48.2,44.2,40.56999969482422,1.0000000000000003e-05,0.03630299948180115,0.0,,1,2025-10-10 14:57:54+00:00,1179.035,45.85,1.1287671232876713
2025-11-28 18:00:00+00:00,2027-01-15 00:00:00+00:00,GTLB,GTLB270115P00095000,put,True,95.0,48.5,53.0,48.3,40.56999969482422,1.0000000000000003e-05,0.03630299948180115,0.0,,10,2025-10-08 15:37:44+00:00,1226.371111111111,50.75,1.1287671232876713
2025-11-28 18:00:00+00:00,2027-01-15 00:00:00+00:00,GTLB,GTLB270115P00105000,put,True,105.0,0.0,0.0,65.43,40.56999969482422,1.0000000000000003e-05,0.03630299948180115,0.0,3.0,0,2025-08-11 17:53:43+00:00,2616.1047222222223,0.0,1.1287671232876713
2025-11-28 18:00:00+00:00,2028-01-21 00:00:00+00:00,GTLB,GTLB280121C00022500,call,True,22.5,21.8,25.5,26.6,40.56999969482422,0.7050810742187501,0.03630299948180115,0.0,,4,2025-11-13 15:54:25+00:00,362.09305555555557,23.65,2.1452054794520548
2025-11-28 18:00:00+00:00,2028-01-21 00:00:00+00:00,GTLB,GTLB280121C00025000,call,True,25.0,20.2,22.1,21.5,40.56999969482422,0.6203651245117189,0.03630299948180115,0.0,10.0,60,2025-11-26 18:16:49+00:00,47.719722222222224,21.15,2.1452054794520548
2025-11-28 18:00:00+00:00,2028-01-21 00:00:00+00:00,GTLB,GTLB280121C00027500,call,True,27.5,19.1,20.6,23.67,40.56999969482422,0.6195106408691409,0.03630299948180115,0.0,2.0,2,2025-11-13 14:45:27+00:00,363.2425,19.85,2.1452054794520548
2025-11-28 18:00:00+00:00,2028-01-21 00:00:00+00:00,GTLB,GTLB280121C00030000,call,True,30.0,16.0,21.0,18.75,40.56999969482422,0.6103554589843752,0.03630299948180115,0.0,1.0,8,2025-11-24 17:39:24+00:00,96.34333333333333,18.5,2.1452054794520548
2025-11-28 18:00:00+00:00,2028-01-21 00:00:00+00:00,GTLB,GTLB280121C00032500,call,True,32.5,15.0,19.5,22.5,40.56999969482422,0.602787175292969,0.03630299948180115,0.0,1.0,2,2025-10-22 16:03:05+00:00,889.9486111111111,17.25,2.1452054794520548
2025-11-28 18:00:00+00:00,2028-01-21 00:00:00+00:00,GTLB,GTLB280121C00035000,call,True,35.0,14.0,17.9,18.0,40.56999969482422,0.5892375061035158,0.03630299948180115,0.0,1.0,4,2025-11-20 16:54:38+00:00,193.08944444444444,15.95,2.1452054794520548
2025-11-28 18:00:00+00:00,2028-01-21 00:00:00+00:00,GTLB,GTLB280121C00037500,call,True,37.5,15.4,19.5,17.3,40.56999969482422,0.7102079760742188,0.03630299948180115,0.0,,5,2025-10-01 19:06:49+00:00,1390.8863888888889,17.45,2.1452054794520548
2025-11-28 18:00:00+00:00,2028-01-21 00:00:00+00:00,GTLB,GTLB280121C00040000,call,True,40.0,11.0,15.7,13.66,40.56999969482422,0.5551802294921876,0.03630299948180115,0.0,6.0,83,2025-11-28 15:30:30+00:00,2.4916666666666667,13.35,2.1452054794520548
2025-11-28 18:00:00+00:00,2028-01-21 00:00:00+00:00,GTLB,GTLB280121C00042500,call,False,42.5,10.0,15.0,17.35,40.56999969482422,0.5551802294921876,0.03630299948180115,0.0,3.0,7,2025-10-22 13:33:06+00:00,892.4483333333334,12.5,2.1452054794520548
2025-11-28 18:00:00+00:00,2028-01-21 00:00:00+00:00,GTLB,GTLB280121C00045000,call,False,45.0,9.0,12.7,10.88,40.56999969482422,0.5178270874023438,0.03630299948180115,0.0,1.0,176,2025-11-26 16:26:36+00:00,49.556666666666665,10.85,2.1452054794520548
2025-11-28 18:00:00+00:00,2028-01-21 00:00:00+00:00,GTLB,GTLB280121C00047500,call,False,47.5,9.6,12.5,9.1,40.56999969482422,0.5578047149658205,0.03630299948180115,0.0,12.0,0,2025-11-24 17:48:21+00:00,96.19416666666666,11.05,2.1452054794520548
2025-11-28 18:00:00+00:00,2028-01-21 00:00:00+00:00,GTLB,GTLB280121C00050000,call,False,50.0,7.5,12.0,9.3,40.56999969482422,0.5312546875,0.03630299948180115,0.0,7.0,662,2025-11-26 18:00:31+00:00,47.99138888888889,9.75,2.1452054794520548
2025-11-28 18:00:00+00:00,2028-01-21 00:00:00+00:00,GTLB,GTLB280121C00052500,call,False,52.5,6.5,11.0,8.78,40.56999969482422,0.51562984375,0.03630299948180115,0.0,28.0,40,2025-11-24 14:30:02+00:00,99.49944444444445,8.75,2.1452054794520548
2025-11-28 18:00:00+00:00,2028-01-21 00:00:00+00:00,GTLB,GTLB280121C00055000,call,False,55.0,7.7,9.9,9.25,40.56999969482422,0.5418136639404298,0.03630299948180115,0.0,12.0,27,2025-11-17 18:11:47+00:00,263.80361111111114,8.8,2.1452054794520548
2025-11-28 18:00:00+00:00,2028-01-21 00:00:00+00:00,GTLB,GTLB280121C00057500,call,False,57.5,7.7,11.5,11.5,40.56999969482422,0.5974161352539062,0.03630299948180115,0.0,,1,2025-10-09 17:33:52+00:00,1200.4355555555555,9.6,2.1452054794520548
2025-11-28 18:00:00+00:00,2028-01-21 00:00:00+00:00,GTLB,GTLB280121C00060000,call,False,60.0,6.3,9.0,7.0,40.56999969482422,0.5368088311767578,0.03630299948180115,0.0,1.0,1072,2025-11-25 14:46:06+00:00,75.23166666666667,7.65,2.1452054794520548
2025-11-28 18:00:00+00:00,2028-01-21 00:00:00+00:00,GTLB,GTLB280121C00065000,call,False,65.0,3.5,8.0,8.1,40.56999969482422,0.5888102642822266,0.03630299948180115,0.0,1.0,0,2025-11-04 16:13:35+00:00,577.7736111111111,5.75,2.1452054794520548
2025-11-28 18:00:00+00:00,2028-01-21 00:00:00+00:00,GTLB,GTLB280121C00070000,call,False,70.0,2.5,7.0,4.1,40.56999969482422,0.5797161169433593,0.03630299948180115,0.0,2.0,0,2025-11-25 17:43:29+00:00,72.27527777777777,4.75,2.1452054794520548
2025-11-28 18:00:00+00:00,2028-01-21 00:00:00+00:00,GTLB,GTLB280121C00075000,call,False,75.0,3.7,4.9,4.1,40.56999969482422,0.5170946728515625,0.03630299948180115,0.0,1.0,727,2025-11-26 14:30:01+00:00,51.499722222222225,4.300000000000001,2.1452054794520548
2025-11-28 18:00:00+00:00,2028-01-21 00:00:00+00:00,GTLB,GTLB280121P00025000,put,False,25.0,1.8,3.9,3.75,40.56999969482422,0.538212625732422,0.03630299948180115,0.0,1.0,0,2025-11-25 16:24:13+00:00,73.5963888888889,2.85,2.1452054794520548
2025-11-28 18:00:00+00:00,2028-01-21 00:00:00+00:00,GTLB,GTLB280121P00030000,put,False,30.0,3.0,5.8,3.41,40.56999969482422,0.5170946728515625,0.03630299948180115,0.0,3.0,3,2025-10-22 17:02:32+00:00,888.9577777777778,4.4,2.1452054794520548
2025-11-28 18:00:00+00:00,2028-01-21 00:00:00+00:00,GTLB,GTLB280121P00032500,put,False,32.5,3.9,6.7,5.16,40.56999969482422,0.49768568725585943,0.03630299948180115,0.0,,1,2025-09-16 13:47:13+00:00,1756.2130555555555,5.3,2.1452054794520548
2025-11-28 18:00:00+00:00,2028-01-21 00:00:00+00:00,GTLB,GTLB280121P00037500,put,False,37.5,6.0,10.5,7.15,40.56999969482422,0.5455367712402344,0.03630299948180115,0.0,,1,2025-11-18 14:30:16+00:00,243.49555555555557,8.25,2.1452054794520548
2025-11-28 18:00:00+00:00,2028-01-21 00:00:00+00:00,GTLB,GTLB280121P00040000,put,False,40.0,7.0,12.0,9.0,40.56999969482422,0.5423629748535157,0.03630299948180115,0.0,2.0,0,2025-11-14 14:30:01+00:00,339.4997222222222,9.5,2.1452054794520548
2025-11-28 18:00:00+00:00,2028-01-21 00:00:00+00:00,GTLB,GTLB280121P00042500,put,True,42.5,8.5,13.5,10.75,40.56999969482422,0.5361374511718751,0.03630299948180115,0.0,5.0,6,2025-11-21 18:51:22+00:00,167.14388888888888,11.0,2.1452054794520548
2025-11-28 18:00:00+00:00,2028-01-21 00:00:00+00:00,GTLB,GTLB280121P00045000,put,True,45.0,10.5,13.6,10.0,40.56999969482422,0.4672904833984375,0.03630299948180115,0.0,1.0,11,2025-10-20 13:30:13+00:00,940.4963888888889,12.05,2.1452054794520548
2025-11-28 18:00:00+00:00,2028-01-21 00:00:00+00:00,GTLB,GTLB280121P00047500,put,True,47.5,11.5,16.0,10.0,40.56999969482422,0.4950001672363281,0.03630299948180115,0.0,20.0,0,2025-10-27 19:15:36+00:00,766.74,13.75,2.1452054794520548
2025-11-28 18:00:00+00:00,2028-01-21 00:00:00+00:00,GTLB,GTLB280121P00050000,put,True,50.0,14.9,17.5,10.5,40.56999969482422,0.48187773986816407,0.03630299948180115,0.0,5.0,15,2025-10-21 14:46:38+00:00,915.2227777777778,16.2,2.1452054794520548
2025-11-28 18:00:00+00:00,2028-01-21 00:00:00+00:00,GTLB,GTLB280121P00052500,put,True,52.5,16.5,19.5,14.0,40.56999969482422,0.4873708489990235,0.03630299948180115,0.0,150.0,110,2025-10-17 15:18:21+00:00,1010.6941666666667,18.0,2.1452054794520548
2025-11-28 18:00:00+00:00,2028-01-21 00:00:00+00:00,GTLB,GTLB280121P00055000,put,True,55.0,15.0,18.6,16.96,40.56999969482422,0.36829244995117194,0.03630299948180115,0.0,,1,2025-10-02 19:51:08+00:00,1366.1477777777777,16.8,2.1452054794520548
2025-11-28 18:00:00+00:00,2028-01-21 00:00:00+00:00,GTLB,GTLB280121P00065000,put,True,65.0,24.5,27.8,23.0,40.56999969482422,0.40991801025390623,0.03630299948180115,0.0,,0,2025-11-06 20:24:21+00:00,525.5941666666666,26.15,2.1452054794520548
